$Nodes
202
-0.5 -0.5
-0.5 0.5
0.5 -0.5
0.5 0.5
-0.49 -0.5
-0.48 -0.5
-0.47 -0.5
-0.46 -0.5
-0.45 -0.5
-0.4399999999999999 -0.5
-0.4299999999999999 -0.5
-0.4199999999999999 -0.5
-0.4099999999999999 -0.5
-0.3999999999999999 -0.5
-0.3899999999999999 -0.5
-0.3799999999999999 -0.5
-0.3699999999999999 -0.5
-0.3599999999999999 -0.5
-0.3499999999999999 -0.5
-0.3399999999999999 -0.5
-0.3299999999999998 -0.5
-0.3199999999999998 -0.5
-0.3099999999999998 -0.5
-0.2999999999999998 -0.5
-0.2899999999999998 -0.5
-0.2799999999999998 -0.5
-0.2699999999999998 -0.5
-0.2599999999999998 -0.5
-0.2499999999999998 -0.5
-0.2399999999999998 -0.5
-0.2299999999999998 -0.5
-0.2199999999999998 -0.5
-0.2099999999999997 -0.5
-0.1999999999999997 -0.5
-0.1899999999999997 -0.5
-0.1799999999999997 -0.5
-0.1699999999999997 -0.5
-0.1599999999999997 -0.5
-0.1499999999999997 -0.5
-0.1399999999999997 -0.5
-0.1299999999999997 -0.5
-0.1199999999999997 -0.5
-0.1099999999999997 -0.5
-0.09999999999999969 -0.5
-0.08999999999999969 -0.5
-0.0799999999999997 -0.5
-0.0699999999999997 -0.5
-0.0599999999999997 -0.5
-0.0499999999999997 -0.5
-0.0399999999999997 -0.5
-0.02999999999999969 -0.5
-0.01999999999999969 -0.5
-0.009999999999999691 -0.5
3.087807787238717e-16 -0.5
0.01000000000000031 -0.5
0.02000000000000031 -0.5
0.03000000000000031 -0.5
0.04000000000000031 -0.5
0.05000000000000032 -0.5
0.06000000000000032 -0.5
0.07000000000000031 -0.5
0.08000000000000031 -0.5
0.0900000000000003 -0.5
0.1000000000000003 -0.5
0.1100000000000003 -0.5
0.1200000000000003 -0.5
0.1300000000000003 -0.5
0.1400000000000003 -0.5
0.1500000000000003 -0.5
0.1600000000000003 -0.5
0.1700000000000003 -0.5
0.1800000000000003 -0.5
0.1900000000000003 -0.5
0.2000000000000003 -0.5
0.2100000000000004 -0.5
0.2200000000000004 -0.5
0.2300000000000004 -0.5
0.2400000000000004 -0.5
0.2500000000000004 -0.5
0.2600000000000004 -0.5
0.2700000000000004 -0.5
0.2800000000000004 -0.5
0.2900000000000004 -0.5
0.3000000000000004 -0.5
0.3100000000000004 -0.5
0.3200000000000005 -0.5
0.3300000000000005 -0.5
0.3400000000000005 -0.5
0.3500000000000005 -0.5
0.3600000000000005 -0.5
0.3700000000000005 -0.5
0.3800000000000005 -0.5
0.3900000000000005 -0.5
0.4000000000000005 -0.5
0.4100000000000005 -0.5
0.4200000000000005 -0.5
0.4300000000000005 -0.5
0.4400000000000006 -0.5
0.4500000000000006 -0.5
0.4600000000000006 -0.5
0.4700000000000006 -0.5
0.4800000000000006 -0.5
0.4900000000000006 -0.5
-0.49 0.5
-0.48 0.5
-0.47 0.5
-0.46 0.5
-0.45 0.5
-0.4399999999999999 0.5
-0.4299999999999999 0.5
-0.4199999999999999 0.5
-0.4099999999999999 0.5
-0.3999999999999999 0.5
-0.3899999999999999 0.5
-0.3799999999999999 0.5
-0.3699999999999999 0.5
-0.3599999999999999 0.5
-0.3499999999999999 0.5
-0.3399999999999999 0.5
-0.3299999999999998 0.5
-0.3199999999999998 0.5
-0.3099999999999998 0.5
-0.2999999999999998 0.5
-0.2899999999999998 0.5
-0.2799999999999998 0.5
-0.2699999999999998 0.5
-0.2599999999999998 0.5
-0.2499999999999998 0.5
-0.2399999999999998 0.5
-0.2299999999999998 0.5
-0.2199999999999998 0.5
-0.2099999999999997 0.5
-0.1999999999999997 0.5
-0.1899999999999997 0.5
-0.1799999999999997 0.5
-0.1699999999999997 0.5
-0.1599999999999997 0.5
-0.1499999999999997 0.5
-0.1399999999999997 0.5
-0.1299999999999997 0.5
-0.1199999999999997 0.5
-0.1099999999999997 0.5
-0.09999999999999969 0.5
-0.08999999999999969 0.5
-0.0799999999999997 0.5
-0.0699999999999997 0.5
-0.0599999999999997 0.5
-0.0499999999999997 0.5
-0.0399999999999997 0.5
-0.02999999999999969 0.5
-0.01999999999999969 0.5
-0.009999999999999691 0.5
3.087807787238717e-16 0.5
0.01000000000000031 0.5
0.02000000000000031 0.5
0.03000000000000031 0.5
0.04000000000000031 0.5
0.05000000000000032 0.5
0.06000000000000032 0.5
0.07000000000000031 0.5
0.08000000000000031 0.5
0.0900000000000003 0.5
0.1000000000000003 0.5
0.1100000000000003 0.5
0.1200000000000003 0.5
0.1300000000000003 0.5
0.1400000000000003 0.5
0.1500000000000003 0.5
0.1600000000000003 0.5
0.1700000000000003 0.5
0.1800000000000003 0.5
0.1900000000000003 0.5
0.2000000000000003 0.5
0.2100000000000004 0.5
0.2200000000000004 0.5
0.2300000000000004 0.5
0.2400000000000004 0.5
0.2500000000000004 0.5
0.2600000000000004 0.5
0.2700000000000004 0.5
0.2800000000000004 0.5
0.2900000000000004 0.5
0.3000000000000004 0.5
0.3100000000000004 0.5
0.3200000000000005 0.5
0.3300000000000005 0.5
0.3400000000000005 0.5
0.3500000000000005 0.5
0.3600000000000005 0.5
0.3700000000000005 0.5
0.3800000000000005 0.5
0.3900000000000005 0.5
0.4000000000000005 0.5
0.4100000000000005 0.5
0.4200000000000005 0.5
0.4300000000000005 0.5
0.4400000000000006 0.5
0.4500000000000006 0.5
0.4600000000000006 0.5
0.4700000000000006 0.5
0.4800000000000006 0.5
0.4900000000000006 0.5
$EndNodes
$Edges
202
301
1 2
1 5
5 6
6 7
7 8
8 9
9 10
10 11
11 12
12 13
13 14
14 15
15 16
16 17
17 18
18 19
19 20
20 21
21 22
22 23
23 24
24 25
25 26
26 27
27 28
28 29
29 30
30 31
31 32
32 33
33 34
34 35
35 36
36 37
37 38
38 39
39 40
40 41
41 42
42 43
43 44
44 45
45 46
46 47
47 48
48 49
49 50
50 51
51 52
52 53
53 54
54 55
55 56
56 57
57 58
58 59
59 60
60 61
61 62
62 63
63 64
64 65
65 66
66 67
67 68
68 69
69 70
70 71
71 72
72 73
73 74
74 75
75 76
76 77
77 78
78 79
79 80
80 81
81 82
82 83
83 84
84 85
85 86
86 87
87 88
88 89
89 90
90 91
91 92
92 93
93 94
94 95
95 96
96 97
97 98
98 99
99 100
100 101
101 102
102 103
103 3
3 4
2 104
104 105
105 106
106 107
107 108
108 109
109 110
110 111
111 112
112 113
113 114
114 115
115 116
116 117
117 118
118 119
119 120
120 121
121 122
122 123
123 124
124 125
125 126
126 127
127 128
128 129
129 130
130 131
131 132
132 133
133 134
134 135
135 136
136 137
137 138
138 139
139 140
140 141
141 142
142 143
143 144
144 145
145 146
146 147
147 148
148 149
149 150
150 151
151 152
152 153
153 154
154 155
155 156
156 157
157 158
158 159
159 160
160 161
161 162
162 163
163 164
164 165
165 166
166 167
167 168
168 169
169 170
170 171
171 172
172 173
173 174
174 175
175 176
176 177
177 178
178 179
179 180
180 181
181 182
182 183
183 184
184 185
185 186
186 187
187 188
188 189
189 190
190 191
191 192
192 193
193 194
194 195
195 196
196 197
197 198
198 199
199 200
200 201
201 202
202 4
5 104
6 105
7 106
8 107
9 108
10 109
11 110
12 111
13 112
14 113
15 114
16 115
17 116
18 117
19 118
20 119
21 120
22 121
23 122
24 123
25 124
26 125
27 126
28 127
29 128
30 129
31 130
32 131
33 132
34 133
35 134
36 135
37 136
38 137
39 138
40 139
41 140
42 141
43 142
44 143
45 144
46 145
47 146
48 147
49 148
50 149
51 150
52 151
53 152
54 153
55 154
56 155
57 156
58 157
59 158
60 159
61 160
62 161
63 162
64 163
65 164
66 165
67 166
68 167
69 168
70 169
71 170
72 171
73 172
74 173
75 174
76 175
77 176
78 177
79 178
80 179
81 180
82 181
83 182
84 183
85 184
86 185
87 186
88 187
89 188
90 189
91 190
92 191
93 192
94 193
95 194
96 195
97 196
98 197
99 198
100 199
101 200
102 201
103 202
$EndEdges
$Cells
100
4 2 1 5 104 1 2 203 103 
4 104 5 6 105 203 3 204 104 
4 105 6 7 106 204 4 205 105 
4 106 7 8 107 205 5 206 106 
4 107 8 9 108 206 6 207 107 
4 108 9 10 109 207 7 208 108 
4 109 10 11 110 208 8 209 109 
4 110 11 12 111 209 9 210 110 
4 111 12 13 112 210 10 211 111 
4 112 13 14 113 211 11 212 112 
4 113 14 15 114 212 12 213 113 
4 114 15 16 115 213 13 214 114 
4 115 16 17 116 214 14 215 115 
4 116 17 18 117 215 15 216 116 
4 117 18 19 118 216 16 217 117 
4 118 19 20 119 217 17 218 118 
4 119 20 21 120 218 18 219 119 
4 120 21 22 121 219 19 220 120 
4 121 22 23 122 220 20 221 121 
4 122 23 24 123 221 21 222 122 
4 123 24 25 124 222 22 223 123 
4 124 25 26 125 223 23 224 124 
4 125 26 27 126 224 24 225 125 
4 126 27 28 127 225 25 226 126 
4 127 28 29 128 226 26 227 127 
4 128 29 30 129 227 27 228 128 
4 129 30 31 130 228 28 229 129 
4 130 31 32 131 229 29 230 130 
4 131 32 33 132 230 30 231 131 
4 132 33 34 133 231 31 232 132 
4 133 34 35 134 232 32 233 133 
4 134 35 36 135 233 33 234 134 
4 135 36 37 136 234 34 235 135 
4 136 37 38 137 235 35 236 136 
4 137 38 39 138 236 36 237 137 
4 138 39 40 139 237 37 238 138 
4 139 40 41 140 238 38 239 139 
4 140 41 42 141 239 39 240 140 
4 141 42 43 142 240 40 241 141 
4 142 43 44 143 241 41 242 142 
4 143 44 45 144 242 42 243 143 
4 144 45 46 145 243 43 244 144 
4 145 46 47 146 244 44 245 145 
4 146 47 48 147 245 45 246 146 
4 147 48 49 148 246 46 247 147 
4 148 49 50 149 247 47 248 148 
4 149 50 51 150 248 48 249 149 
4 150 51 52 151 249 49 250 150 
4 151 52 53 152 250 50 251 151 
4 152 53 54 153 251 51 252 152 
4 153 54 55 154 252 52 253 153 
4 154 55 56 155 253 53 254 154 
4 155 56 57 156 254 54 255 155 
4 156 57 58 157 255 55 256 156 
4 157 58 59 158 256 56 257 157 
4 158 59 60 159 257 57 258 158 
4 159 60 61 160 258 58 259 159 
4 160 61 62 161 259 59 260 160 
4 161 62 63 162 260 60 261 161 
4 162 63 64 163 261 61 262 162 
4 163 64 65 164 262 62 263 163 
4 164 65 66 165 263 63 264 164 
4 165 66 67 166 264 64 265 165 
4 166 67 68 167 265 65 266 166 
4 167 68 69 168 266 66 267 167 
4 168 69 70 169 267 67 268 168 
4 169 70 71 170 268 68 269 169 
4 170 71 72 171 269 69 270 170 
4 171 72 73 172 270 70 271 171 
4 172 73 74 173 271 71 272 172 
4 173 74 75 174 272 72 273 173 
4 174 75 76 175 273 73 274 174 
4 175 76 77 176 274 74 275 175 
4 176 77 78 177 275 75 276 176 
4 177 78 79 178 276 76 277 177 
4 178 79 80 179 277 77 278 178 
4 179 80 81 180 278 78 279 179 
4 180 81 82 181 279 79 280 180 
4 181 82 83 182 280 80 281 181 
4 182 83 84 183 281 81 282 182 
4 183 84 85 184 282 82 283 183 
4 184 85 86 185 283 83 284 184 
4 185 86 87 186 284 84 285 185 
4 186 87 88 187 285 85 286 186 
4 187 88 89 188 286 86 287 187 
4 188 89 90 189 287 87 288 188 
4 189 90 91 190 288 88 289 189 
4 190 91 92 191 289 89 290 190 
4 191 92 93 192 290 90 291 191 
4 192 93 94 193 291 91 292 192 
4 193 94 95 194 292 92 293 193 
4 194 95 96 195 293 93 294 194 
4 195 96 97 196 294 94 295 195 
4 196 97 98 197 295 95 296 196 
4 197 98 99 198 296 96 297 197 
4 198 99 100 199 297 97 298 198 
4 199 100 101 200 298 98 299 199 
4 200 101 102 201 299 99 300 200 
4 201 102 103 202 300 100 301 201 
4 202 103 3 4 301 101 102 202 
$EndCells
$CellCenters
100
-0.495 0
-0.485 0
-0.475 0
-0.465 0
-0.455 0
-0.445 0
-0.4349999999999999 0
-0.4249999999999999 0
-0.4149999999999999 0
-0.4049999999999999 0
-0.3949999999999999 0
-0.3849999999999999 0
-0.3749999999999999 0
-0.3649999999999999 0
-0.3549999999999999 0
-0.3449999999999999 0
-0.3349999999999999 0
-0.3249999999999998 0
-0.3149999999999998 0
-0.3049999999999998 0
-0.2949999999999998 0
-0.2849999999999998 0
-0.2749999999999998 0
-0.2649999999999998 0
-0.2549999999999998 0
-0.2449999999999998 0
-0.2349999999999998 0
-0.2249999999999998 0
-0.2149999999999997 0
-0.2049999999999997 0
-0.1949999999999997 0
-0.1849999999999997 0
-0.1749999999999997 0
-0.1649999999999997 0
-0.1549999999999997 0
-0.1449999999999997 0
-0.1349999999999997 0
-0.1249999999999997 0
-0.1149999999999997 0
-0.1049999999999997 0
-0.09499999999999968 0
-0.08499999999999969 0
-0.07499999999999971 0
-0.0649999999999997 0
-0.0549999999999997 0
-0.0449999999999997 0
-0.0349999999999997 0
-0.02499999999999969 0
-0.01499999999999969 0
-0.004999999999999691 0
0.005000000000000309 0
0.01500000000000031 0
0.02500000000000031 0
0.03500000000000031 0
0.04500000000000032 0
0.05500000000000031 0
0.06500000000000031 0
0.0750000000000003 0
0.0850000000000003 0
0.09500000000000031 0
0.1050000000000003 0
0.1150000000000003 0
0.1250000000000003 0
0.1350000000000003 0
0.1450000000000003 0
0.1550000000000003 0
0.1650000000000003 0
0.1750000000000003 0
0.1850000000000003 0
0.1950000000000003 0
0.2050000000000003 0
0.2150000000000004 0
0.2250000000000004 0
0.2350000000000004 0
0.2450000000000004 0
0.2550000000000004 0
0.2650000000000004 0
0.2750000000000004 0
0.2850000000000004 0
0.2950000000000004 0
0.3050000000000004 0
0.3150000000000004 0
0.3250000000000005 0
0.3350000000000005 0
0.3450000000000005 0
0.3550000000000005 0
0.3650000000000005 0
0.3750000000000005 0
0.3850000000000005 0
0.3950000000000005 0
0.4050000000000005 0
0.4150000000000005 0
0.4250000000000005 0
0.4350000000000006 0
0.4450000000000006 0
0.4550000000000006 0
0.4650000000000006 0
0.4750000000000006 0
0.4850000000000006 0
0.4950000000000003 0
$EndCellCenters
$AdjointCellsForEdges
301
1 
1 
2 
3 
4 
5 
6 
7 
8 
9 
10 
11 
12 
13 
14 
15 
16 
17 
18 
19 
20 
21 
22 
23 
24 
25 
26 
27 
28 
29 
30 
31 
32 
33 
34 
35 
36 
37 
38 
39 
40 
41 
42 
43 
44 
45 
46 
47 
48 
49 
50 
51 
52 
53 
54 
55 
56 
57 
58 
59 
60 
61 
62 
63 
64 
65 
66 
67 
68 
69 
70 
71 
72 
73 
74 
75 
76 
77 
78 
79 
80 
81 
82 
83 
84 
85 
86 
87 
88 
89 
90 
91 
92 
93 
94 
95 
96 
97 
98 
99 
100 
100 
1 
2 
3 
4 
5 
6 
7 
8 
9 
10 
11 
12 
13 
14 
15 
16 
17 
18 
19 
20 
21 
22 
23 
24 
25 
26 
27 
28 
29 
30 
31 
32 
33 
34 
35 
36 
37 
38 
39 
40 
41 
42 
43 
44 
45 
46 
47 
48 
49 
50 
51 
52 
53 
54 
55 
56 
57 
58 
59 
60 
61 
62 
63 
64 
65 
66 
67 
68 
69 
70 
71 
72 
73 
74 
75 
76 
77 
78 
79 
80 
81 
82 
83 
84 
85 
86 
87 
88 
89 
90 
91 
92 
93 
94 
95 
96 
97 
98 
99 
100 
1 2 
2 3 
3 4 
4 5 
5 6 
6 7 
7 8 
8 9 
9 10 
10 11 
11 12 
12 13 
13 14 
14 15 
15 16 
16 17 
17 18 
18 19 
19 20 
20 21 
21 22 
22 23 
23 24 
24 25 
25 26 
26 27 
27 28 
28 29 
29 30 
30 31 
31 32 
32 33 
33 34 
34 35 
35 36 
36 37 
37 38 
38 39 
39 40 
40 41 
41 42 
42 43 
43 44 
44 45 
45 46 
46 47 
47 48 
48 49 
49 50 
50 51 
51 52 
52 53 
53 54 
54 55 
55 56 
56 57 
57 58 
58 59 
59 60 
60 61 
61 62 
62 63 
63 64 
64 65 
65 66 
66 67 
67 68 
68 69 
69 70 
70 71 
71 72 
72 73 
73 74 
74 75 
75 76 
76 77 
77 78 
78 79 
79 80 
80 81 
81 82 
82 83 
83 84 
84 85 
85 86 
86 87 
87 88 
88 89 
89 90 
90 91 
91 92 
92 93 
93 94 
94 95 
95 96 
96 97 
97 98 
98 99 
99 100 
$EndAdjointCellsForEdges
$EdgeNormals
301
-1 0
0 -1
0 -1
0 -1
0 -1
0 -1
0 -1
0 -1
0 -1
0 -1
0 -1
0 -1
0 -1
0 -1
0 -1
0 -1
0 -1
0 -1
0 -1
0 -1
0 -1
0 -1
0 -1
0 -1
0 -1
0 -1
0 -1
0 -1
0 -1
0 -1
0 -1
0 -1
0 -1
0 -1
0 -1
0 -1
0 -1
0 -1
0 -1
0 -1
0 -1
0 -1
0 -1
0 -1
0 -1
0 -1
0 -1
0 -1
0 -1
0 -1
0 -1
0 -1
0 -1
0 -1
0 -1
0 -1
0 -1
0 -1
0 -1
0 -1
0 -1
0 -1
0 -1
0 -1
0 -1
0 -1
0 -1
0 -1
0 -1
0 -1
0 -1
0 -1
0 -1
0 -1
0 -1
0 -1
0 -1
0 -1
0 -1
0 -1
0 -1
0 -1
0 -1
0 -1
0 -1
0 -1
0 -1
0 -1
0 -1
0 -1
0 -1
0 -1
0 -1
0 -1
0 -1
0 -1
0 -1
0 -1
0 -1
0 -1
0 -0.9999999999999999
1 -0
-0 1
-0 1
-0 1
-0 1
-0 1
-0 1
-0 1
-0 1
-0 1
-0 1
-0 1
-0 1
-0 1
-0 1
-0 1
-0 1
-0 1
-0 1
-0 1
-0 1
-0 1
-0 1
-0 1
-0 1
-0 1
-0 1
-0 1
-0 1
-0 1
-0 1
-0 1
-0 1
-0 1
-0 1
-0 1
-0 1
-0 1
-0 1
-0 1
-0 1
-0 1
-0 1
-0 1
-0 1
-0 1
-0 1
-0 1
-0 1
-0 1
-0 1
-0 1
-0 1
-0 1
-0 1
-0 1
-0 1
-0 1
-0 1
-0 1
-0 1
-0 1
-0 1
-0 1
-0 1
-0 1
-0 1
-0 1
-0 1
-0 1
-0 1
-0 1
-0 1
-0 1
-0 1
-0 1
-0 1
-0 1
-0 1
-0 1
-0 1
-0 1
-0 1
-0 1
-0 1
-0 1
-0 1
-0 1
-0 1
-0 1
-0 1
-0 1
-0 1
-0 1
-0 1
-0 1
-0 1
-0 1
-0 1
-0 1
-0 0.9999999999999999
1 -0
1 -0
1 -0
1 -0
1 -0
1 -0
1 -0
1 -0
1 -0
1 -0
1 -0
1 -0
1 -0
1 -0
1 -0
1 -0
1 -0
1 -0
1 -0
1 -0
1 -0
1 -0
1 -0
1 -0
1 -0
1 -0
1 -0
1 -0
1 -0
1 -0
1 -0
1 -0
1 -0
1 -0
1 -0
1 -0
1 -0
1 -0
1 -0
1 -0
1 -0
1 -0
1 -0
1 -0
1 -0
1 -0
1 -0
1 -0
1 -0
1 -0
1 -0
1 -0
1 -0
1 -0
1 -0
1 -0
1 -0
1 -0
1 -0
1 -0
1 -0
1 -0
1 -0
1 -0
1 -0
1 -0
1 -0
1 -0
1 -0
1 -0
1 -0
1 -0
1 -0
1 -0
1 -0
1 -0
1 -0
1 -0
1 -0
1 -0
1 -0
1 -0
1 -0
1 -0
1 -0
1 -0
1 -0
1 -0
1 -0
1 -0
1 -0
1 -0
1 -0
1 -0
1 -0
1 -0
1 -0
1 -0
1 -0
$EndEdgeNormals
$Patches
2
Group_1
200
2
3
4
5
6
7
8
9
10
11
12
13
14
15
16
17
18
19
20
21
22
23
24
25
26
27
28
29
30
31
32
33
34
35
36
37
38
39
40
41
42
43
44
45
46
47
48
49
50
51
52
53
54
55
56
57
58
59
60
61
62
63
64
65
66
67
68
69
70
71
72
73
74
75
76
77
78
79
80
81
82
83
84
85
86
87
88
89
90
91
92
93
94
95
96
97
98
99
100
101
103
104
105
106
107
108
109
110
111
112
113
114
115
116
117
118
119
120
121
122
123
124
125
126
127
128
129
130
131
132
133
134
135
136
137
138
139
140
141
142
143
144
145
146
147
148
149
150
151
152
153
154
155
156
157
158
159
160
161
162
163
164
165
166
167
168
169
170
171
172
173
174
175
176
177
178
179
180
181
182
183
184
185
186
187
188
189
190
191
192
193
194
195
196
197
198
199
200
201
202
Group_2
2
102
1
$EndPatches
