100
2 1 5 104 
104 5 6 105 
105 6 7 106 
106 7 8 107 
107 8 9 108 
108 9 10 109 
109 10 11 110 
110 11 12 111 
111 12 13 112 
112 13 14 113 
113 14 15 114 
114 15 16 115 
115 16 17 116 
116 17 18 117 
117 18 19 118 
118 19 20 119 
119 20 21 120 
120 21 22 121 
121 22 23 122 
122 23 24 123 
123 24 25 124 
124 25 26 125 
125 26 27 126 
126 27 28 127 
127 28 29 128 
128 29 30 129 
129 30 31 130 
130 31 32 131 
131 32 33 132 
132 33 34 133 
133 34 35 134 
134 35 36 135 
135 36 37 136 
136 37 38 137 
137 38 39 138 
138 39 40 139 
139 40 41 140 
140 41 42 141 
141 42 43 142 
142 43 44 143 
143 44 45 144 
144 45 46 145 
145 46 47 146 
146 47 48 147 
147 48 49 148 
148 49 50 149 
149 50 51 150 
150 51 52 151 
151 52 53 152 
152 53 54 153 
153 54 55 154 
154 55 56 155 
155 56 57 156 
156 57 58 157 
157 58 59 158 
158 59 60 159 
159 60 61 160 
160 61 62 161 
161 62 63 162 
162 63 64 163 
163 64 65 164 
164 65 66 165 
165 66 67 166 
166 67 68 167 
167 68 69 168 
168 69 70 169 
169 70 71 170 
170 71 72 171 
171 72 73 172 
172 73 74 173 
173 74 75 174 
174 75 76 175 
175 76 77 176 
176 77 78 177 
177 78 79 178 
178 79 80 179 
179 80 81 180 
180 81 82 181 
181 82 83 182 
182 83 84 183 
183 84 85 184 
184 85 86 185 
185 86 87 186 
186 87 88 187 
187 88 89 188 
188 89 90 189 
189 90 91 190 
190 91 92 191 
191 92 93 192 
192 93 94 193 
193 94 95 194 
194 95 96 195 
195 96 97 196 
196 97 98 197 
197 98 99 198 
198 99 100 199 
199 100 101 200 
200 101 102 201 
201 102 103 202 
202 103 3 4 
