$Nodes
49
1 -0.5 -0.5
2 -0.5 0.5
3 0.5 -0.5
4 0.5 0.5
5 -0.5 -0.3333333333333334
6 -0.5 -0.1666666666666667
7 -0.5 -5.551115123125783e-17
8 -0.5 0.1666666666666666
9 -0.5 0.3333333333333333
10 -0.3333333333333334 -0.5
11 -0.1666666666666667 -0.5
12 -5.551115123125783e-17 -0.5
13 0.1666666666666666 -0.5
14 0.3333333333333333 -0.5
15 0.5 -0.3333333333333334
16 0.5 -0.1666666666666667
17 0.5 -5.551115123125783e-17
18 0.5 0.1666666666666666
19 0.5 0.3333333333333333
20 -0.3333333333333334 0.5
21 -0.1666666666666667 0.5
22 -5.551115123125783e-17 0.5
23 0.1666666666666666 0.5
24 0.3333333333333333 0.5
25 -0.3333333333333334 0.3333333333333333
26 -0.1666666666666667 0.3333333333333333
27 -4.625929269271485e-17 0.3333333333333333
28 0.1666666666666666 0.3333333333333333
29 0.3333333333333333 0.3333333333333333
30 -0.3333333333333333 0.1666666666666666
31 -0.1666666666666668 0.1666666666666666
32 -9.251858538542963e-18 0.1666666666666666
33 0.1666666666666666 0.1666666666666666
34 0.3333333333333333 0.1666666666666666
35 -0.3333333333333334 -5.551115123125783e-17
36 -0.1666666666666667 -5.551115123125783e-17
37 -4.163336342344337e-17 0
38 0.1666666666666666 -5.551115123125783e-17
39 0.3333333333333333 -5.551115123125783e-17
40 -0.3333333333333334 -0.1666666666666667
41 -0.1666666666666667 -0.1666666666666667
42 -6.013708050052931e-17 -0.1666666666666668
43 0.1666666666666666 -0.1666666666666668
44 0.3333333333333333 -0.1666666666666667
45 -0.3333333333333334 -0.3333333333333334
46 -0.1666666666666667 -0.3333333333333334
47 -5.782411586589356e-17 -0.3333333333333334
48 0.1666666666666666 -0.3333333333333333
49 0.3333333333333333 -0.3333333333333334
$EndNodes
$Edges
84
84
1 1 5
2 5 6
3 6 7
4 7 8
5 8 9
6 9 2
7 1 10
8 10 11
9 11 12
10 12 13
11 13 14
12 14 3
13 3 15
14 15 16
15 16 17
16 17 18
17 18 19
18 19 4
19 2 20
20 20 21
21 21 22
22 22 23
23 23 24
24 24 4
25 9 25
26 20 25
27 25 26
28 21 26
29 26 27
30 22 27
31 27 28
32 23 28
33 28 29
34 24 29
35 19 29
36 8 30
37 25 30
38 30 31
39 26 31
40 31 32
41 27 32
42 32 33
43 28 33
44 33 34
45 29 34
46 18 34
47 7 35
48 30 35
49 35 36
50 31 36
51 36 37
52 32 37
53 37 38
54 33 38
55 38 39
56 34 39
57 17 39
58 6 40
59 35 40
60 40 41
61 36 41
62 41 42
63 37 42
64 42 43
65 38 43
66 43 44
67 39 44
68 16 44
69 5 45
70 40 45
71 45 46
72 41 46
73 46 47
74 42 47
75 47 48
76 43 48
77 48 49
78 44 49
79 15 49
80 10 45
81 11 46
82 12 47
83 13 48
84 14 49
$EndEdges
$Cells
36
1 4 2 9 25 20 6 25 26 19 
2 4 20 25 26 21 26 27 28 20 
3 4 21 26 27 22 28 29 30 21 
4 4 22 27 28 23 30 31 32 22 
5 4 23 28 29 24 32 33 34 23 
6 4 24 29 19 4 34 35 18 24 
7 4 9 8 30 25 5 36 37 25 
8 4 25 30 31 26 37 38 39 27 
9 4 26 31 32 27 39 40 41 29 
10 4 27 32 33 28 41 42 43 31 
11 4 28 33 34 29 43 44 45 33 
12 4 29 34 18 19 45 46 17 35 
13 4 8 7 35 30 4 47 48 36 
14 4 30 35 36 31 48 49 50 38 
15 4 31 36 37 32 50 51 52 40 
16 4 32 37 38 33 52 53 54 42 
17 4 33 38 39 34 54 55 56 44 
18 4 34 39 17 18 56 57 16 46 
19 4 7 6 40 35 3 58 59 47 
20 4 35 40 41 36 59 60 61 49 
21 4 36 41 42 37 61 62 63 51 
22 4 37 42 43 38 63 64 65 53 
23 4 38 43 44 39 65 66 67 55 
24 4 39 44 16 17 67 68 15 57 
25 4 6 5 45 40 2 69 70 58 
26 4 40 45 46 41 70 71 72 60 
27 4 41 46 47 42 72 73 74 62 
28 4 42 47 48 43 74 75 76 64 
29 4 43 48 49 44 76 77 78 66 
30 4 44 49 15 16 78 79 14 68 
31 4 5 1 10 45 1 7 80 69 
32 4 45 10 11 46 80 8 81 71 
33 4 46 11 12 47 81 9 82 73 
34 4 47 12 13 48 82 10 83 75 
35 4 48 13 14 49 83 11 84 77 
36 4 49 14 3 15 84 12 13 79 
$EndCells
$NeibProcPatches
0
$EndNeibProcPatches
$AdjointCellsForEdges
84
1 31 
1 25 
1 19 
1 13 
1 7 
1 1 
1 31 
1 32 
1 33 
1 34 
1 35 
1 36 
1 36 
1 30 
1 24 
1 18 
1 12 
1 6 
1 1 
1 2 
1 3 
1 4 
1 5 
1 6 
2 1 7 
2 1 2 
2 2 8 
2 2 3 
2 3 9 
2 3 4 
2 4 10 
2 4 5 
2 5 11 
2 5 6 
2 6 12 
2 7 13 
2 7 8 
2 8 14 
2 8 9 
2 9 15 
2 9 10 
2 10 16 
2 10 11 
2 11 17 
2 11 12 
2 12 18 
2 13 19 
2 13 14 
2 14 20 
2 14 15 
2 15 21 
2 15 16 
2 16 22 
2 16 17 
2 17 23 
2 17 18 
2 18 24 
2 19 25 
2 19 20 
2 20 26 
2 20 21 
2 21 27 
2 21 22 
2 22 28 
2 22 23 
2 23 29 
2 23 24 
2 24 30 
2 25 31 
2 25 26 
2 26 32 
2 26 27 
2 27 33 
2 27 28 
2 28 34 
2 28 29 
2 29 35 
2 29 30 
2 30 36 
2 31 32 
2 32 33 
2 33 34 
2 34 35 
2 35 36 
$EndAdjointCellsForEdges
$EdgeNormals
84
-1 0
-1 0
-1 0
-1 0
-1 0
-1 0
0 -1
0 -1
0 -1
0 -1
0 -1
0 -1
1 -0
1 -0
1 -0
1 -0
1 -0
1 -0
-0 1
-0 1
-0 1
-0 1
-0 1
-0 1
0 -1
1 0
0 -1
1 -1.665334536937734e-16
0 -1
1 5.551115123125783e-17
0 -1
1 1.665334536937734e-16
0 -1
1 0
-0 -1
1.665334536937735e-16 -1
1 3.330669073875471e-16
0 -1
1 -1.665334536937735e-16
-3.330669073875468e-16 -1
1 2.220446049250313e-16
3.330669073875472e-16 -1
1 -3.330669073875471e-16
0 -1
1 0
-1.665334536937734e-16 -1
0 -1
1 -3.330669073875469e-16
0 -1
1 1.665334536937735e-16
3.330669073875469e-16 -1
1 -1.942890293094026e-16
-3.330669073875469e-16 -1
1 3.330669073875469e-16
0 -1
1 0
-0 -1
0 -1
1 0
-1.665334536937735e-16 -1
1 0
-3.330669073875469e-16 -1
1 -1.110223024625155e-16
1.665334536937735e-16 -1
1 -3.330669073875469e-16
1.665334536937735e-16 -1
1 0
1.665334536937734e-16 -1
0 -1
1 0
0 -1
1 0
0 -1
1 1.387778780781449e-17
3.330669073875469e-16 -1
1 3.330669073875472e-16
-3.330669073875471e-16 -1
1 0
-0 -1
1 -0
1 1.665334536937735e-16
1 1.387778780781441e-17
1 -1.665334536937735e-16
1 -0
$EndEdgeNormals
$Patches
3
inlet
6
1
2
3
4
5
6
outlet
6
13
14
15
16
17
18
wall
12
7
8
9
10
11
12
19
20
21
22
23
24
$EndPatches
