$Nodes
15
2 -1 1
7 -1 0.5
17 -0.5 0.5
14 -0.5 1
18 0 0.5
15 0 1
6 -1 0
20 -0.5 0
21 0 0
19 0.5 0.5
16 0.5 1
5 -1 -0.5
23 -0.5 -0.5
24 0 -0.5
22 0.5 0
$EndNodes
$Edges
12
22
4 7 2
17 7 17
18 17 14
13 2 14
19 17 18
20 18 15
14 14 15
3 6 7
24 6 20
25 20 17
26 20 21
27 21 18
21 18 19
22 19 16
15 15 16
2 5 6
31 5 23
32 23 20
33 23 24
34 24 21
28 21 22
29 22 19
$EndEdges
$Cells
4
1 4 2 7 17 14 4 17 18 13 
2 4 14 17 18 15 18 19 20 14 
5 4 7 6 20 17 3 24 25 17 
6 4 17 20 21 18 25 26 27 19 
$EndCells
$NeibProcCells
4
3 4 15 18 19 16 20 21 22 15 3 
9 4 6 5 23 20 2 31 32 24 1 
10 4 20 23 24 21 32 33 34 26 1 
7 4 18 21 22 19 27 28 29 21 3 
$EndNeibProcCells
$AdjointCellsForEdges
12
1 1 
2 1 5 
2 1 2 
1 1 
2 2 6 
2 2 3 
1 2 
1 5 
2 5 9 
2 5 6 
2 6 10 
2 6 7 
$EndAdjointCellsForEdges
$EdgeNormals
12
-1 0
0 -1
1 -0
-0 1
0 -1
1 -0
-0 1
-1 0
0 -1
1 -0
0 -1
1 -0
$EndEdgeNormals
$Patches
4
Group_1
2
3
4
Group_2
0
Group_3
0
Group_4
2
13
14
$EndPatches
