0.4 -3.5527136788e-017 -3.5527136788e-017 0 0 0 0 0 0 0 0 0 1 -7.1054273576e-017 -7.1054273576e-017 
0.4 1.06581410364e-016 -3.5527136788e-017 0 0 0 0 0 0 0 0 0 1 2.84217094304e-016 -7.1054273576e-017 
0.4 0 -3.5527136788e-017 0 0 0 0 0 0 0 0 0 1 0 -7.1054273576e-017 
0.4 0 -3.5527136788e-017 0 0 0 0 0 0 0 0 0 1 0 -7.1054273576e-017 
0.4 0 -3.5527136788e-017 0 0 0 0 0 0 0 0 0 1 0 -7.1054273576e-017 
0.4 0 -3.5527136788e-017 0 0 0 0 0 0 0 0 0 1 0 -1.42108547152e-016 
0.4 0 -3.5527136788e-017 0 0 0 0 0 0 0 0 0 1 0 -7.1054273576e-017 
0.4 0 -3.5527136788e-017 0 0 0 0 0 0 0 0 0 1 0 -7.1054273576e-017 
0.4 0 -3.5527136788e-017 0 0 0 0 0 0 0 0 0 1 0 -7.1054273576e-017 
0.4 0 -3.5527136788e-017 0 0 0 0 0 0 0 0 0 1 0 -7.1054273576e-017 
0.4 0 -3.5527136788e-017 0 0 0 0 0 0 0 0 0 1 0 -1.42108547152e-016 
0.4 0 -3.5527136788e-017 0 0 0 0 0 0 0 0 0 1 0 -1.42108547152e-016 
0.4 0 0 0 0 0 0 0 0 0 0 0 1 0 0 
0.4 0 -3.5527136788e-017 0 0 0 0 0 0 0 0 0 1 0 -1.42108547152e-016 
0.4 0 0 0 0 0 0 0 0 0 0 0 1 0 0 
0.4 0 -3.5527136788e-017 0 0 0 0 0 0 0 0 0 1 0 -1.42108547152e-016 
0.4 0 -3.5527136788e-017 0 0 0 0 0 0 0 0 0 1 0 -1.42108547152e-016 
0.4 0 0 0 0 0 0 0 0 0 0 0 1 0 0 
0.4 0 -3.5527136788e-017 0 0 0 0 0 0 0 0 0 1 0 -1.42108547152e-016 
0.4 0 0 0 0 0 0 0 0 0 0 0 1 0 0 
0.4 -3.5527136788e-017 1.06581410364e-016 0 0 0 0 0 0 0 0 0 1 -7.1054273576e-017 2.84217094304e-016 
0.4 1.06581410364e-016 1.06581410364e-016 0 0 0 0 0 0 0 0 0 1 2.84217094304e-016 2.84217094304e-016 
0.4 0 1.06581410364e-016 0 0 0 0 0 0 0 0 0 1 0 2.13162820728e-016 
0.4 0 1.06581410364e-016 0 0 0 0 0 0 0 0 0 1 0 2.84217094304e-016 
0.4 0 1.06581410364e-016 0 0 0 0 0 0 0 0 0 1 0 2.84217094304e-016 
0.4 0 1.06581410364e-016 0 0 0 0 0 0 0 0 0 1 0 2.84217094304e-016 
0.4 0 1.06581410364e-016 0 0 0 0 0 0 0 0 0 1 0 2.84217094304e-016 
0.4 0 1.06581410364e-016 0 0 0 0 0 0 0 0 0 1 7.1054273576e-017 3.19744231092e-016 
0.4 -1.7763568394e-017 1.42108547152e-016 0 0 0 0 0 0 0 0 0 1 3.5527136788e-017 4.26325641456e-016 
0.4 1.7763568394e-017 2.13162820728e-016 0 0 0 0 0 0 0 0 0 1 0 5.3290705182e-016 
0.4 1.7763568394e-017 2.13162820728e-016 0 0 0 0 0 0 0 0 0 1 -7.1054273576e-017 4.97379915032e-016 
0.4 -1.7763568394e-017 1.42108547152e-016 0 0 0 0 0 0 0 0 0 1 -3.5527136788e-017 3.90798504668e-016 
0.4 0 7.1054273576e-017 0 0 0 0 0 0 0 0 0 1 -7.1054273576e-017 2.13162820728e-016 
0.4 0 1.06581410364e-016 0 0 0 0 0 0 0 0 0 1 0 2.84217094304e-016 
0.4 0 7.1054273576e-017 0 0 0 0 0 0 0 0 0 1 0 1.42108547152e-016 
0.4 0 1.06581410364e-016 0 0 0 0 0 0 0 0 0 1 0 2.84217094304e-016 
0.4 0 1.06581410364e-016 0 0 0 0 0 0 0 0 0 1 0 2.84217094304e-016 
0.4 0 7.1054273576e-017 0 0 0 0 0 0 0 0 0 1 0 1.42108547152e-016 
0.4 0 1.06581410364e-016 0 0 0 0 0 0 0 0 0 1 0 2.84217094304e-016 
0.4 0 7.1054273576e-017 0 0 0 0 0 0 0 0 0 1 0 1.42108547152e-016 
0.4 -3.5527136788e-017 0 0 0 0 0 0 0 0 0 0 1 -7.1054273576e-017 0 
0.4 1.06581410364e-016 0 0 0 0 0 0 0 0 0 0 1 2.13162820728e-016 0 
0.4 0 0 0 0 0 0 0 0 0 0 0 1 0 0 
0.4 0 0 0 0 0 0 0 0 0 0 0 1 0 0 
0.4 0 0 0 0 0 0 0 0 0 0 0 1 0 0 
0.4 1.7763568394e-017 1.7763568394e-017 0 0 0 0 0 0 0 0 0 1 7.1054273576e-017 7.1054273576e-017 
0.4 1.59872115546e-016 2.6645352591e-016 0 0 0 0 0 0 0 0 0 1 4.26325641456e-016 7.46069872548e-016 
0.4 8.17124146124e-016 1.65201186064e-015 0 0 0 0 0 0 0 0 0 1 2.02504679692e-015 4.01456645704e-015 
0.4 1.65201186064e-015 5.48894263375e-015 0 0 0 0 0 0 0 0 0 1 4.19220214098e-015 1.36424205266e-014 
0.4 1.01252339846e-015 1.00364161426e-014 0 0 0 0 0 0 0 0 0 1 2.62900812231e-015 2.50821585723e-014 
0.4 -9.94759830064e-016 1.00364161426e-014 0 0 0 0 0 0 0 0 0 1 -2.59348098552e-015 2.51176857091e-014 
0.4 -1.63424829225e-015 5.48894263375e-015 0 0 0 0 0 0 0 0 0 1 -4.19220214098e-015 1.37134748002e-014 
0.4 -8.17124146124e-016 1.63424829225e-015 0 0 0 0 0 0 0 0 0 1 -2.02504679692e-015 4.01456645704e-015 
0.4 -1.42108547152e-016 2.6645352591e-016 0 0 0 0 0 0 0 0 0 1 -4.61852778244e-016 6.75015598972e-016 
0.4 -3.5527136788e-017 1.7763568394e-017 0 0 0 0 0 0 0 0 0 1 0 3.5527136788e-017 
0.4 0 0 0 0 0 0 0 0 0 0 0 1 0 0 
0.4 0 0 0 0 0 0 0 0 0 0 0 1 0 0 
0.4 0 0 0 0 0 0 0 0 0 0 0 1 0 0 
0.4 0 0 0 0 0 0 0 0 0 0 0 1 0 0 
0.4 0 0 0 0 0 0 0 0 0 0 0 1 0 0 
0.4 -3.5527136788e-017 0 0 0 0 0 0 0 0 0 0 1 -7.1054273576e-017 0 
0.4 1.06581410364e-016 0 0 0 0 0 0 0 0 0 0 1 2.84217094304e-016 0 
0.4 0 0 0 0 0 0 0 0 0 0 0 1 0 0 
0.4 0 0 0 0 0 0 0 0 0 0 0 1 0 0 
0.4 7.1054273576e-017 7.1054273576e-017 0 0 0 0 0 0 0 0 0 1 1.7763568394e-016 1.7763568394e-016 
0.4 1.35003119794e-015 1.63424829225e-015 0 0 0 0 0 0 0 0 0 1 3.30402372128e-015 4.01456645704e-015 
0.4 1.26654242649e-014 1.85984561085e-014 0 0 0 0 0 0 0 0 0 1 3.16902060149e-014 4.64339677819e-014 
0.4 5.98099347826e-014 1.15516485266e-013 0 0 0 0 0 0 0 0 0 1 1.4942713733e-013 2.88871149223e-013 
0.4 1.26174626303e-013 3.89288601355e-013 0 0 0 0 0 0 0 0 0 1 3.1533886613e-013 9.73301439444e-013 
0.400000000001 7.8852480101e-014 7.13900050187e-013 0 0 0 0 0 0 0 0 0 1 1.97069027763e-013 1.78467018941e-012 
0.400000000001 -7.88702436694e-014 7.13900050187e-013 0 0 0 0 0 0 0 0 0 1 -1.971045549e-013 1.78470571655e-012 
0.4 -1.26192389871e-013 3.89306364923e-013 0 0 0 0 0 0 0 0 0 1 -3.15374393267e-013 9.73265912307e-013 
0.4 -5.97744076458e-014 1.15534248835e-013 0 0 0 0 0 0 0 0 0 1 -1.49498191604e-013 2.88835622086e-013 
0.4 -1.26831878333e-014 1.85806925401e-014 0 0 0 0 0 0 0 0 0 1 -3.16546788781e-014 4.64339677819e-014 
0.4 -1.29674049276e-015 1.63424829225e-015 0 0 0 0 0 0 0 0 0 1 -3.30402372128e-015 4.01456645704e-015 
0.4 -7.1054273576e-017 7.1054273576e-017 0 0 0 0 0 0 0 0 0 1 -1.7763568394e-016 2.13162820728e-016 
0.4 0 0 0 0 0 0 0 0 0 0 0 1 0 0 
0.4 0 0 0 0 0 0 0 0 0 0 0 1 0 0 
0.4 0 0 0 0 0 0 0 0 0 0 0 1 0 0 
0.4 0 0 0 0 0 0 0 0 0 0 0 1 0 0 
0.4 -3.5527136788e-017 0 0 0 0 0 0 0 0 0 0 1 -7.1054273576e-017 0 
0.4 1.06581410364e-016 0 0 0 0 0 0 0 0 0 0 1 2.84217094304e-016 0 
0.4 0 0 0 0 0 0 0 0 0 0 0 1 0 0 
0.4 7.1054273576e-017 7.1054273576e-017 0 0 0 0 0 0 0 0 0 1 1.7763568394e-016 1.7763568394e-016 
0.4 2.77111666946e-015 2.78888023786e-015 0 0 0 0 0 0 0 0 0 1 6.92779167366e-015 6.92779167366e-015 
0.4 5.28821431089e-014 5.96322990987e-014 0 0 0 0 0 0 0 0 0 1 1.32196475988e-013 1.49000811689e-013 
0.400000000001 5.0901505233e-013 6.86846135523e-013 0 0 0 0 0 0 0 0 0 1 1.27265309402e-012 1.7170620481e-012 
0.400000000006 2.39857911311e-012 4.26950919064e-012 0 0 0 0 0 0 0 0 0 1.00000000001 5.99637672849e-012 1.06738085037e-011 
0.400000000019 5.06071629047e-012 1.43872114222e-011 0 0 0 0 0 0 0 0 0 1.00000000005 1.26517463173e-011 3.59680285555e-011 
0.400000000034 3.16308756965e-012 2.6381989926e-011 0 0 0 0 0 0 0 0 0 1.00000000009 7.90770116055e-012 6.59549570514e-011 
0.400000000034 -3.16308756965e-012 2.6381989926e-011 0 0 0 0 0 0 0 0 0 1.00000000009 -7.90770116055e-012 6.59549925786e-011 
0.400000000019 -5.06068076334e-012 1.43872114222e-011 0 0 0 0 0 0 0 0 0 1.00000000005 -1.2651675263e-011 3.59679930284e-011 
0.400000000006 -2.39857911311e-012 4.26950919064e-012 0 0 0 0 0 0 0 0 0 1.00000000001 -5.99634120135e-012 1.06738085037e-011 
0.400000000001 -5.09050579467e-013 6.86846135523e-013 0 0 0 0 0 0 0 0 0 1 -1.27261756688e-012 1.71713310237e-012 
0.4 -5.28466159722e-014 5.96322990987e-014 0 0 0 0 0 0 0 0 0 1 -1.32160948851e-013 1.49071865962e-013 
0.4 -2.78888023786e-015 2.77111666946e-015 0 0 0 0 0 0 0 0 0 1 -6.99884594724e-015 6.92779167366e-015 
0.4 -7.1054273576e-017 7.1054273576e-017 0 0 0 0 0 0 0 0 0 1 -1.7763568394e-016 2.13162820728e-016 
0.4 0 0 0 0 0 0 0 0 0 0 0 1 0 0 
0.4 0 0 0 0 0 0 0 0 0 0 0 1 0 0 
0.4 0 0 0 0 0 0 0 0 0 0 0 1 0 0 
0.4 -3.5527136788e-017 0 0 0 0 0 0 0 0 0 0 1 -1.42108547152e-016 0 
0.4 1.06581410364e-016 0 0 0 0 0 0 0 0 0 0 1 2.84217094304e-016 0 
0.4 1.7763568394e-017 1.7763568394e-017 0 0 0 0 0 0 0 0 0 1 7.1054273576e-017 7.1054273576e-017 
0.4 1.63424829225e-015 1.33226762955e-015 0 0 0 0 0 0 0 0 0 1 4.05009359383e-015 3.30402372128e-015 
0.4 5.96322990987e-014 5.28643795406e-014 0 0 0 0 0 0 0 0 0 1 1.48965284552e-013 1.32160948851e-013 
0.400000000002 1.1340084427e-012 1.13399067914e-012 0 0 0 0 0 0 0 0 0 1 2.83495893427e-012 2.83499446141e-012 
0.400000000019 1.09191233832e-011 1.30635235962e-011 0 0 0 0 0 0 0 0 0 1.00000000005 2.72978439853e-011 3.26586402366e-011 
0.400000000119 5.14498843529e-011 8.12033817965e-011 0 0 0 0 0 0 0 0 0 1.0000000003 1.28624719764e-010 2.03008418964e-010 
0.400000000402 1.08553592781e-010 2.73635905046e-010 0 0 0 0 0 0 0 0 0 1.000000001 2.71383946426e-010 6.84089762615e-010 
0.400000000737 6.78491041128e-011 5.01769399364e-010 0 0 0 0 0 0 0 0 0 1.00000000184 1.69622715873e-010 1.25442348065e-009 
0.400000000737 -6.78491041128e-011 5.01769399364e-010 0 0 0 0 0 0 0 0 0 1.00000000184 -1.696227514e-010 1.25442344512e-009 
0.400000000402 -1.08553592781e-010 2.73635905046e-010 0 0 0 0 0 0 0 0 0 1.000000001 -2.71383946426e-010 6.84089691561e-010 
0.400000000119 -5.14498665893e-011 8.12033995601e-011 0 0 0 0 0 0 0 0 0 1.0000000003 -1.28624719764e-010 2.03008383437e-010 
0.400000000019 -1.09191411468e-011 1.30635235962e-011 0 0 0 0 0 0 0 0 0 1.00000000005 -2.72978439853e-011 3.26587112909e-011 
0.400000000002 -1.13397291557e-012 1.13399067914e-012 0 0 0 0 0 0 0 0 0 1 -2.83499446141e-012 2.83495893427e-012 
0.4 -5.96500626671e-014 5.28643795406e-014 0 0 0 0 0 0 0 0 0 1 -1.49036338826e-013 1.32125421715e-013 
0.4 -1.61648472385e-015 1.33226762955e-015 0 0 0 0 0 0 0 0 0 1 -3.97903932026e-015 3.30402372128e-015 
0.4 -3.5527136788e-017 1.7763568394e-017 0 0 0 0 0 0 0 0 0 1 0 7.1054273576e-017 
0.4 0 0 0 0 0 0 0 0 0 0 0 1 0 0 
0.4 0 0 0 0 0 0 0 0 0 0 0 1 0 0 
0.4 -3.5527136788e-017 0 0 0 0 0 0 0 0 0 0 1 -7.1054273576e-017 0 
0.4 1.06581410364e-016 0 0 0 0 0 0 0 0 0 0 1 2.84217094304e-016 0 
0.4 2.84217094304e-016 1.59872115546e-016 0 0 0 0 0 0 0 0 0 1 7.1054273576e-016 4.61852778244e-016 
0.4 1.85806925401e-014 1.26654242649e-014 0 0 0 0 0 0 0 0 0 1 4.64339677819e-014 3.16902060149e-014 
0.400000000001 6.86846135523e-013 5.09032815899e-013 0 0 0 0 0 0 0 0 0 1 1.7170620481e-012 1.27261756688e-012 
0.400000000019 1.30635235962e-011 1.09191411468e-011 0 0 0 0 0 0 0 0 0 1.00000000005 3.26586402366e-011 2.72978084581e-011 
0.400000000221 1.25787202876e-010 1.25787185112e-010 0 0 0 0 0 0 0 0 0 1.00000000055 3.14467989426e-010 3.14467953899e-010 
0.400000001373 5.9269666508e-010 7.81901192681e-010 0 0 0 0 0 0 0 0 0 1.00000000343 1.48174169823e-009 1.9547529817e-009 
0.400000004627 1.25052462607e-009 2.63481942042e-009 0 0 0 0 0 0 0 0 0 1.00000001157 3.12631161847e-009 6.58704866652e-009 
0.400000008485 7.816136538e-010 4.83149985797e-009 0 0 0 0 0 0 0 0 0 1.00000002121 1.95403419667e-009 1.20787496272e-008 
0.400000008485 -7.816136538e-010 4.83149985797e-009 0 0 0 0 0 0 0 0 0 1.00000002121 -1.9540342322e-009 1.20787496272e-008 
0.400000004627 -1.25052460831e-009 2.63481942042e-009 0 0 0 0 0 0 0 0 0 1.00000001157 -3.12631161847e-009 6.58704863099e-009 
0.400000001373 -5.92696682844e-010 7.81901192681e-010 0 0 0 0 0 0 0 0 0 1.00000000343 -1.48174173376e-009 1.95475301723e-009 
0.400000000221 -1.25787185112e-010 1.25787185112e-010 0 0 0 0 0 0 0 0 0 1.00000000055 -3.14467918372e-010 3.14467953899e-010 
0.400000000019 -1.30634880691e-011 1.09191411468e-011 0 0 0 0 0 0 0 0 0 1.00000000005 -3.26586757637e-011 2.72978439853e-011 
0.400000000001 -6.86846135523e-013 5.09032815899e-013 0 0 0 0 0 0 0 0 0 1 -1.71709757524e-012 1.27261756688e-012 
0.4 -1.85984561085e-014 1.26654242649e-014 0 0 0 0 0 0 0 0 0 1 -4.64339677819e-014 3.16902060149e-014 
0.4 -3.01980662698e-016 1.59872115546e-016 0 0 0 0 0 0 0 0 0 1 -7.81597009336e-016 4.61852778244e-016 
0.4 0 0 0 0 0 0 0 0 0 0 0 1 0 0 
0.4 0 0 0 0 0 0 0 0 0 0 0 1 0 0 
0.4 -3.5527136788e-017 0 0 0 0 0 0 0 0 0 0 1 -7.1054273576e-017 0 
0.4 1.06581410364e-016 0 0 0 0 0 0 0 0 0 0 1 3.19744231092e-016 7.1054273576e-017 
0.4 1.66977542904e-015 7.9936057773e-016 0 0 0 0 0 0 0 0 0 1 4.01456645704e-015 2.02504679692e-015 
0.4 1.15516485266e-013 5.98099347826e-014 0 0 0 0 0 0 0 0 0 1 2.88871149223e-013 1.49462664467e-013 
0.400000000006 4.26950919064e-012 2.39857911311e-012 0 0 0 0 0 0 0 0 0 1.00000000001 1.06738085037e-011 5.99637672849e-012 
0.400000000119 8.12033995601e-011 5.14499021165e-011 0 0 0 0 0 0 0 0 0 1.0000000003 2.03008383437e-010 1.28624684237e-010 
0.400000001373 7.81901192681e-010 5.9269666508e-010 0 0 0 0 0 0 0 0 0 1.00000000343 1.9547529817e-009 1.48174169823e-009 
0.400000008536 3.68424036168e-009 3.68424036168e-009 0 0 0 0 0 0 0 0 0 1.00000002134 9.21060092196e-009 9.21060092196e-009 
0.400000028764 7.77334090429e-009 1.24150062675e-008 0 0 0 0 0 0 0 0 0 1.00000007191 1.94333522074e-008 3.10375155976e-008 
0.400000052745 4.85856039845e-009 2.27655452001e-008 0 0 0 0 0 0 0 0 0 1.00000013186 1.21464009695e-008 5.69138629913e-008 
0.400000052745 -4.85856041621e-009 2.27655452001e-008 0 0 0 0 0 0 0 0 0 1.00000013186 -1.2146401005e-008 5.69138629913e-008 
0.400000028764 -7.77334090429e-009 1.24150062675e-008 0 0 0 0 0 0 0 0 0 1.00000007191 -1.94333522074e-008 3.10375155976e-008 
0.400000008536 -3.68424036168e-009 3.68424036168e-009 0 0 0 0 0 0 0 0 0 1.00000002134 -9.21060092196e-009 9.21060095749e-009 
0.400000001373 -7.81901192681e-010 5.9269666508e-010 0 0 0 0 0 0 0 0 0 1.00000000343 -1.9547529817e-009 1.48174162717e-009 
0.400000000119 -8.12033995601e-011 5.14499021165e-011 0 0 0 0 0 0 0 0 0 1.0000000003 -2.0300834791e-010 1.28624719764e-010 
0.400000000006 -4.26950919064e-012 2.39857911311e-012 0 0 0 0 0 0 0 0 0 1.00000000001 -1.06737729766e-011 5.99634120135e-012 
0.4 -1.15534248835e-013 5.98099347826e-014 0 0 0 0 0 0 0 0 0 1 -2.88835622086e-013 1.49498191604e-013 
0.4 -1.65201186064e-015 7.9936057773e-016 0 0 0 0 0 0 0 0 0 1 -4.05009359383e-015 1.98951966013e-015 
0.4 0 0 0 0 0 0 0 0 0 0 0 1 -7.1054273576e-017 3.5527136788e-017 
0.4 0 0 0 0 0 0 0 0 0 0 0 1 0 0 
0.4 -3.5527136788e-017 0 0 0 0 0 0 0 0 0 0 1 -7.1054273576e-017 0 
0.4 1.42108547152e-016 0 0 0 0 0 0 0 0 0 0 1 4.26325641456e-016 3.5527136788e-017 
0.4 5.48894263375e-015 1.65201186064e-015 0 0 0 0 0 0 0 0 0 1 1.36779476634e-014 4.19220214098e-015 
0.4 3.89288601355e-013 1.26174626303e-013 0 0 0 0 0 0 0 0 0 1 9.73336966581e-013 3.15374393267e-013 
0.400000000019 1.43871936586e-011 5.0606985269e-012 0 0 0 0 0 0 0 0 0 1.00000000005 3.59680285555e-011 1.26517107901e-011 
0.400000000402 2.73635905046e-010 1.08553592781e-010 0 0 0 0 0 0 0 0 0 1.000000001 6.84089762615e-010 2.71383946426e-010 
0.400000004627 2.63481942042e-009 1.25052460831e-009 0 0 0 0 0 0 0 0 0 1.00000001157 6.58704866652e-009 3.12631161847e-009 
0.400000028764 1.24150062497e-008 7.77334090429e-009 0 0 0 0 0 0 0 0 0 1.00000007191 3.10375156332e-008 1.94333522074e-008 
0.400000096928 2.61942940227e-008 2.61942940405e-008 0 0 0 0 0 0 0 0 0 1.00000024232 6.54857351634e-008 6.54857351279e-008 
0.400000177738 1.63721830937e-008 4.80327897456e-008 0 0 0 0 0 0 0 0 0 1.00000044434 4.09304576721e-008 1.20081974373e-007 
0.400000177738 -1.63721831115e-008 4.80327897456e-008 0 0 0 0 0 0 0 0 0 1.00000044434 -4.09304577076e-008 1.20081974408e-007 
0.400000096928 -2.61942940405e-008 2.61942940405e-008 0 0 0 0 0 0 0 0 0 1.00000024232 -6.54857351634e-008 6.54857351634e-008 
0.400000028764 -1.24150062497e-008 7.77334090429e-009 0 0 0 0 0 0 0 0 0 1.00000007191 -3.10375155976e-008 1.94333522074e-008 
0.400000004627 -2.63481940266e-009 1.25052460831e-009 0 0 0 0 0 0 0 0 0 1.00000001157 -6.58704866652e-009 3.12631158295e-009 
0.400000000402 -2.73635869519e-010 1.08553592781e-010 0 0 0 0 0 0 0 0 0 1.000000001 -6.84089727088e-010 2.71383910899e-010 
0.400000000019 -1.43872291858e-011 5.0606985269e-012 0 0 0 0 0 0 0 0 0 1.00000000005 -3.59679930284e-011 1.2651675263e-011 
0.4 -3.89270837786e-013 1.26174626303e-013 0 0 0 0 0 0 0 0 0 1 -9.73230385171e-013 3.15374393267e-013 
0.4 -5.50670620214e-015 1.65201186064e-015 0 0 0 0 0 0 0 0 0 1 -1.36779476634e-014 4.19220214098e-015 
0.4 -3.5527136788e-017 0 0 0 0 0 0 0 0 0 0 1 -7.1054273576e-017 3.5527136788e-017 
0.4 0 0 0 0 0 0 0 0 0 0 0 1 0 0 
0.4 -3.5527136788e-017 0 0 0 0 0 0 0 0 0 0 1 -7.1054273576e-017 0 
0.4 2.13162820728e-016 0 0 0 0 0 0 0 0 0 0 1 5.3290705182e-016 3.5527136788e-017 
0.4 1.00364161426e-014 1.01252339846e-015 0 0 0 0 0 0 0 0 0 1 2.50821585723e-014 2.62900812231e-015 
0.400000000001 7.13917813755e-013 7.8852480101e-014 0 0 0 0 0 0 0 0 0 1 1.78467018941e-012 1.97069027763e-013 
0.400000000034 2.6381989926e-011 3.16308756965e-012 0 0 0 0 0 0 0 0 0 1.00000000009 6.59549215243e-011 7.90770116055e-012 
0.400000000737 5.01769417127e-010 6.78491218764e-011 0 0 0 0 0 0 0 0 0 1.00000000184 1.25442348065e-009 1.696227514e-010 
0.400000008485 4.83149987573e-009 7.81613671563e-010 0 0 0 0 0 0 0 0 0 1.00000002121 1.20787496272e-008 1.95403419667e-009 
0.400000052745 2.27655451823e-008 4.85856039845e-009 0 0 0 0 0 0 0 0 0 1.00000013186 5.69138629558e-008 1.2146401005e-008 
0.400000177738 4.80327897456e-008 1.63721830937e-008 0 0 0 0 0 0 0 0 0 1.00000044434 1.20081974373e-007 4.09304576721e-008 
0.40000032592 3.00218675875e-008 3.00218675875e-008 0 0 0 0 0 0 0 0 0 1.0000008148 7.50546689332e-008 7.50546689687e-008 
0.40000032592 -3.00218675875e-008 3.00218675875e-008 0 0 0 0 0 0 0 0 0 1.0000008148 -7.50546689332e-008 7.50546689687e-008 
0.400000177738 -4.80327897634e-008 1.63721830937e-008 0 0 0 0 0 0 0 0 0 1.00000044434 -1.20081974408e-007 4.09304577076e-008 
0.400000052745 -2.27655452001e-008 4.85856039845e-009 0 0 0 0 0 0 0 0 0 1.00000013186 -5.69138629913e-008 1.21464009695e-008 
0.400000008485 -4.83149987573e-009 7.81613671563e-010 0 0 0 0 0 0 0 0 0 1.00000002121 -1.20787495916e-008 1.95403419667e-009 
0.400000000737 -5.01769399364e-010 6.78491218764e-011 0 0 0 0 0 0 0 0 0 1.00000000184 -1.25442348065e-009 1.696227514e-010 
0.400000000034 -2.6381989926e-011 3.16308756965e-012 0 0 0 0 0 0 0 0 0 1.00000000009 -6.59549925786e-011 7.90773668768e-012 
0.400000000001 -7.13900050187e-013 7.8852480101e-014 0 0 0 0 0 0 0 0 0 1 -1.78474124368e-012 1.97069027763e-013 
0.4 -1.00364161426e-014 1.01252339846e-015 0 0 0 0 0 0 0 0 0 1 -2.51176857091e-014 2.59348098552e-015 
0.4 -7.1054273576e-017 0 0 0 0 0 0 0 0 0 0 1 -2.13162820728e-016 3.5527136788e-017 
0.4 0 0 0 0 0 0 0 0 0 0 0 1 0 0 
0.4 -3.5527136788e-017 0 0 0 0 0 0 0 0 0 0 1 -1.42108547152e-016 0 
0.4 2.13162820728e-016 0 0 0 0 0 0 0 0 0 0 1 4.97379915032e-016 -3.5527136788e-017 
0.4 1.00364161426e-014 -1.01252339846e-015 0 0 0 0 0 0 0 0 0 1 2.51176857091e-014 -2.59348098552e-015 
0.400000000001 7.13882286618e-013 -7.8852480101e-014 0 0 0 0 0 0 0 0 0 1 1.78470571655e-012 -1.97069027763e-013 
0.400000000034 2.6381989926e-011 -3.16308756965e-012 0 0 0 0 0 0 0 0 0 1.00000000009 6.59549570514e-011 -7.90773668768e-012 
0.400000000737 5.01769417127e-010 -6.78491218764e-011 0 0 0 0 0 0 0 0 0 1.00000000184 1.25442344512e-009 -1.69622786927e-010 
0.400000008485 4.83149987573e-009 -7.81613671563e-010 0 0 0 0 0 0 0 0 0 1.00000002121 1.20787496272e-008 -1.95403419667e-009 
0.400000052745 2.27655451823e-008 -4.85856039845e-009 0 0 0 0 0 0 0 0 0 1.00000013186 5.69138629913e-008 -1.2146401005e-008 
0.400000177738 4.80327897456e-008 -1.63721830937e-008 0 0 0 0 0 0 0 0 0 1.00000044434 1.20081974444e-007 -4.09304577076e-008 
0.40000032592 3.00218675875e-008 -3.00218675875e-008 0 0 0 0 0 0 0 0 0 1.0000008148 7.50546690043e-008 -7.50546689687e-008 
0.40000032592 -3.00218675875e-008 -3.00218675875e-008 0 0 0 0 0 0 0 0 0 1.0000008148 -7.50546690043e-008 -7.50546689687e-008 
0.400000177738 -4.80327897634e-008 -1.63721830937e-008 0 0 0 0 0 0 0 0 0 1.00000044434 -1.20081974373e-007 -4.09304576721e-008 
0.400000052745 -2.27655452001e-008 -4.85856039845e-009 0 0 0 0 0 0 0 0 0 1.00000013186 -5.69138630269e-008 -1.2146401005e-008 
0.400000008485 -4.83149987573e-009 -7.81613671563e-010 0 0 0 0 0 0 0 0 0 1.00000002121 -1.20787496627e-008 -1.95403419667e-009 
0.400000000737 -5.01769399364e-010 -6.78491218764e-011 0 0 0 0 0 0 0 0 0 1.00000000184 -1.25442340959e-009 -1.69622786927e-010 
0.400000000034 -2.6381989926e-011 -3.16308756965e-012 0 0 0 0 0 0 0 0 0 1.00000000009 -6.59549570514e-011 -7.90770116055e-012 
0.400000000001 -7.13900050187e-013 -7.8852480101e-014 0 0 0 0 0 0 0 0 0 1 -1.78467018941e-012 -1.97069027763e-013 
0.4 -1.00364161426e-014 -1.03028696685e-015 0 0 0 0 0 0 0 0 0 1 -2.50466314355e-014 -2.62900812231e-015 
0.4 -7.1054273576e-017 0 0 0 0 0 0 0 0 0 0 1 -2.13162820728e-016 -7.1054273576e-017 
0.4 0 0 0 0 0 0 0 0 0 0 0 1 0 0 
0.4 -3.5527136788e-017 0 0 0 0 0 0 0 0 0 0 1 -1.42108547152e-016 0 
0.4 1.42108547152e-016 0 0 0 0 0 0 0 0 0 0 1 3.90798504668e-016 -3.5527136788e-017 
0.4 5.48894263375e-015 -1.65201186064e-015 0 0 0 0 0 0 0 0 0 1 1.37134748002e-014 -4.19220214098e-015 
0.4 3.89306364923e-013 -1.26174626303e-013 0 0 0 0 0 0 0 0 0 1 9.73265912307e-013 -3.15374393267e-013 
0.400000000019 1.43872291858e-011 -5.0606985269e-012 0 0 0 0 0 0 0 0 0 1.00000000005 3.59679575013e-011 -1.2651675263e-011 
0.400000000402 2.73635905046e-010 -1.08553592781e-010 0 0 0 0 0 0 0 0 0 1.000000001 6.84089691561e-010 -2.71383946426e-010 
0.400000004627 2.63481942042e-009 -1.25052460831e-009 0 0 0 0 0 0 0 0 0 1.00000001157 6.58704859546e-009 -3.12631158295e-009 
0.400000028764 1.24150062497e-008 -7.77334090429e-009 0 0 0 0 0 0 0 0 0 1.00000007191 3.10375155621e-008 -1.94333522074e-008 
0.400000096928 2.61942940227e-008 -2.61942940405e-008 0 0 0 0 0 0 0 0 0 1.00000024232 6.54857351634e-008 -6.54857351634e-008 
0.400000177738 1.63721830937e-008 -4.80327897456e-008 0 0 0 0 0 0 0 0 0 1.00000044434 4.09304576721e-008 -1.20081974408e-007 
0.400000177738 -1.63721831115e-008 -4.80327897456e-008 0 0 0 0 0 0 0 0 0 1.00000044434 -4.09304576721e-008 -1.20081974373e-007 
0.400000096928 -2.61942940405e-008 -2.61942940405e-008 0 0 0 0 0 0 0 0 0 1.00000024232 -6.54857351279e-008 -6.54857351279e-008 
0.400000028764 -1.24150062497e-008 -7.77334090429e-009 0 0 0 0 0 0 0 0 0 1.00000007191 -3.10375156687e-008 -1.94333521719e-008 
0.400000004627 -2.63481940266e-009 -1.25052460831e-009 0 0 0 0 0 0 0 0 0 1.00000001157 -6.58704863099e-009 -3.12631161847e-009 
0.400000000402 -2.73635869519e-010 -1.08553592781e-010 0 0 0 0 0 0 0 0 0 1.000000001 -6.84089798142e-010 -2.71383910899e-010 
0.400000000019 -1.43872291858e-011 -5.0606985269e-012 0 0 0 0 0 0 0 0 0 1.00000000005 -3.59679575013e-011 -1.26517107901e-011 
0.4 -3.89270837786e-013 -1.26174626303e-013 0 0 0 0 0 0 0 0 0 1 -9.73301439444e-013 -3.15374393267e-013 
0.4 -5.50670620214e-015 -1.68753899743e-015 0 0 0 0 0 0 0 0 0 1 -1.37134748002e-014 -4.22772927777e-015 
0.4 -3.5527136788e-017 0 0 0 0 0 0 0 0 0 0 1 -1.42108547152e-016 -3.5527136788e-017 
0.4 0 0 0 0 0 0 0 0 0 0 0 1 0 0 
0.4 0 0 0 0 0 0 0 0 0 0 0 1 0 0 
0.4 7.1054273576e-017 0 0 0 0 0 0 0 0 0 0 1 2.13162820728e-016 -3.5527136788e-017 
0.4 1.61648472385e-015 -8.17124146124e-016 0 0 0 0 0 0 0 0 0 1 3.97903932026e-015 -2.02504679692e-015 
0.4 1.15534248835e-013 -5.97921712142e-014 0 0 0 0 0 0 0 0 0 1 2.88835622086e-013 -1.49462664467e-013 
0.400000000006 4.26950919064e-012 -2.39857911311e-012 0 0 0 0 0 0 0 0 0 1.00000000001 1.06738085037e-011 -5.99634120135e-012 
0.400000000119 8.12033817965e-011 -5.14498843529e-011 0 0 0 0 0 0 0 0 0 1.0000000003 2.0300834791e-010 -1.28624719764e-010 
0.400000001373 7.81901192681e-010 -5.9269666508e-010 0 0 0 0 0 0 0 0 0 1.00000000343 1.9547529817e-009 -1.48174169823e-009 
0.400000008536 3.68424036168e-009 -3.68424036168e-009 0 0 0 0 0 0 0 0 0 1.00000002134 9.21060095749e-009 -9.21060095749e-009 
0.400000028764 7.77334090429e-009 -1.24150062675e-008 0 0 0 0 0 0 0 0 0 1.00000007191 1.94333521719e-008 -3.10375156332e-008 
0.400000052745 4.85856039845e-009 -2.27655452001e-008 0 0 0 0 0 0 0 0 0 1.00000013186 1.21464009695e-008 -5.69138629913e-008 
0.400000052745 -4.85856038068e-009 -2.27655452001e-008 0 0 0 0 0 0 0 0 0 1.00000013186 -1.2146401005e-008 -5.69138630269e-008 
0.400000028764 -7.77334090429e-009 -1.24150062675e-008 0 0 0 0 0 0 0 0 0 1.00000007191 -1.94333522074e-008 -3.10375156332e-008 
0.400000008536 -3.68424036168e-009 -3.68424036168e-009 0 0 0 0 0 0 0 0 0 1.00000002134 -9.21060099301e-009 -9.21060095749e-009 
0.400000001373 -7.81901174918e-010 -5.9269666508e-010 0 0 0 0 0 0 0 0 0 1.00000000343 -1.95475294618e-009 -1.48174169823e-009 
0.400000000119 -8.12033995601e-011 -5.14498843529e-011 0 0 0 0 0 0 0 0 0 1.0000000003 -2.03008383437e-010 -1.28624719764e-010 
0.400000000006 -4.26950919064e-012 -2.39857911311e-012 0 0 0 0 0 0 0 0 0 1.00000000001 -1.06738085037e-011 -5.99637672849e-012 
0.4 -1.15534248835e-013 -5.97921712142e-014 0 0 0 0 0 0 0 0 0 1 -2.88835622086e-013 -1.49462664467e-013 
0.4 -1.65201186064e-015 -8.17124146124e-016 0 0 0 0 0 0 0 0 0 1 -4.01456645704e-015 -1.95399252334e-015 
0.4 0 0 0 0 0 0 0 0 0 0 0 1 -7.1054273576e-017 -3.5527136788e-017 
0.4 0 0 0 0 0 0 0 0 0 0 0 1 0 0 
0.4 -3.5527136788e-017 0 0 0 0 0 0 0 0 0 0 1 -1.42108547152e-016 0 
0.4 1.06581410364e-016 0 0 0 0 0 0 0 0 0 0 1 2.84217094304e-016 0 
0.4 2.84217094304e-016 -1.59872115546e-016 0 0 0 0 0 0 0 0 0 1 6.75015598972e-016 -4.61852778244e-016 
0.4 1.85806925401e-014 -1.26654242649e-014 0 0 0 0 0 0 0 0 0 1 4.64339677819e-014 -3.16902060149e-014 
0.400000000001 6.86846135523e-013 -5.09032815899e-013 0 0 0 0 0 0 0 0 0 1 1.71713310237e-012 -1.27261756688e-012 
0.400000000019 1.30635235962e-011 -1.09191411468e-011 0 0 0 0 0 0 0 0 0 1.00000000005 3.26587112909e-011 -2.72978084581e-011 
0.400000000221 1.25787202876e-010 -1.25787185112e-010 0 0 0 0 0 0 0 0 0 1.00000000055 3.14467918372e-010 -3.14467953899e-010 
0.400000001373 5.9269666508e-010 -7.81901192681e-010 0 0 0 0 0 0 0 0 0 1.00000000343 1.48174162717e-009 -1.9547529817e-009 
0.400000004627 1.25052462607e-009 -2.63481942042e-009 0 0 0 0 0 0 0 0 0 1.00000001157 3.12631154742e-009 -6.58704863099e-009 
0.400000008485 7.816136538e-010 -4.83149985797e-009 0 0 0 0 0 0 0 0 0 1.00000002121 1.95403419667e-009 -1.20787496272e-008 
0.400000008485 -7.816136538e-010 -4.83149985797e-009 0 0 0 0 0 0 0 0 0 1.00000002121 -1.95403416114e-009 -1.20787496272e-008 
0.400000004627 -1.25052460831e-009 -2.63481942042e-009 0 0 0 0 0 0 0 0 0 1.00000001157 -3.12631158295e-009 -6.58704866652e-009 
0.400000001373 -5.92696682844e-010 -7.81901192681e-010 0 0 0 0 0 0 0 0 0 1.00000000343 -1.4817416627e-009 -1.9547529817e-009 
0.400000000221 -1.25787185112e-010 -1.25787185112e-010 0 0 0 0 0 0 0 0 0 1.00000000055 -3.14467989426e-010 -3.14467953899e-010 
0.400000000019 -1.30634880691e-011 -1.09191411468e-011 0 0 0 0 0 0 0 0 0 1.00000000005 -3.2658746818e-011 -2.72978084581e-011 
0.400000000001 -6.86846135523e-013 -5.09032815899e-013 0 0 0 0 0 0 0 0 0 1 -1.71702652096e-012 -1.27261756688e-012 
0.4 -1.85984561085e-014 -1.26654242649e-014 0 0 0 0 0 0 0 0 0 1 -4.64694949187e-014 -3.16902060149e-014 
0.4 -3.01980662698e-016 -1.7763568394e-016 0 0 0 0 0 0 0 0 0 1 -6.75015598972e-016 -4.61852778244e-016 
0.4 0 0 0 0 0 0 0 0 0 0 0 1 0 0 
0.4 0 0 0 0 0 0 0 0 0 0 0 1 0 0 
0.4 0 0 0 0 0 0 0 0 0 0 0 1 0 0 
0.4 7.1054273576e-017 0 0 0 0 0 0 0 0 0 0 1 1.42108547152e-016 0 
0.4 1.7763568394e-017 -1.7763568394e-017 0 0 0 0 0 0 0 0 0 1 3.5527136788e-017 -3.5527136788e-017 
0.4 1.63424829225e-015 -1.31450406116e-015 0 0 0 0 0 0 0 0 0 1 4.01456645704e-015 -3.30402372128e-015 
0.4 5.96322990987e-014 -5.28466159722e-014 0 0 0 0 0 0 0 0 0 1 1.49107393099e-013 -1.32160948851e-013 
0.400000000002 1.13397291557e-012 -1.13399067914e-012 0 0 0 0 0 0 0 0 0 1 2.83499446141e-012 -2.83495893427e-012 
0.400000000019 1.09191233832e-011 -1.30634880691e-011 0 0 0 0 0 0 0 0 0 1.00000000005 2.72978084581e-011 -3.26587112909e-011 
0.400000000119 5.14498843529e-011 -8.12033995601e-011 0 0 0 0 0 0 0 0 0 1.0000000003 1.28624684237e-010 -2.03008383437e-010 
0.400000000402 1.08553592781e-010 -2.73635869519e-010 0 0 0 0 0 0 0 0 0 1.000000001 2.71383910899e-010 -6.84089727088e-010 
0.400000000737 6.78491041128e-011 -5.01769399364e-010 0 0 0 0 0 0 0 0 0 1.00000000184 1.696227514e-010 -1.25442344512e-009 
0.400000000737 -6.78491218764e-011 -5.01769399364e-010 0 0 0 0 0 0 0 0 0 1.00000000184 -1.69622822455e-010 -1.25442344512e-009 
0.400000000402 -1.08553575018e-010 -2.73635869519e-010 0 0 0 0 0 0 0 0 0 1.000000001 -2.71383910899e-010 -6.84089762615e-010 
0.400000000119 -5.14498665893e-011 -8.12033995601e-011 0 0 0 0 0 0 0 0 0 1.0000000003 -1.28624684237e-010 -2.03008383437e-010 
0.400000000019 -1.09191411468e-011 -1.30634880691e-011 0 0 0 0 0 0 0 0 0 1.00000000005 -2.7297772931e-011 -3.26587112909e-011 
0.400000000002 -1.13397291557e-012 -1.13399067914e-012 0 0 0 0 0 0 0 0 0 1 -2.83502998855e-012 -2.83499446141e-012 
0.4 -5.96145355303e-014 -5.28466159722e-014 0 0 0 0 0 0 0 0 0 1 -1.48965284552e-013 -1.32125421715e-013 
0.4 -1.63424829225e-015 -1.31450406116e-015 0 0 0 0 0 0 0 0 0 1 -4.01456645704e-015 -3.2684965845e-015 
0.4 -3.5527136788e-017 -1.7763568394e-017 0 0 0 0 0 0 0 0 0 1 -7.1054273576e-017 -3.5527136788e-017 
0.4 0 0 0 0 0 0 0 0 0 0 0 1 0 0 
0.4 0 0 0 0 0 0 0 0 0 0 0 1 0 0 
0.4 -3.5527136788e-017 0 0 0 0 0 0 0 0 0 0 1 -1.42108547152e-016 0 
0.4 1.06581410364e-016 0 0 0 0 0 0 0 0 0 0 1 2.84217094304e-016 0 
0.4 0 0 0 0 0 0 0 0 0 0 0 1 0 0 
0.4 7.1054273576e-017 -7.1054273576e-017 0 0 0 0 0 0 0 0 0 1 2.13162820728e-016 -1.7763568394e-016 
0.4 2.77111666946e-015 -2.78888023786e-015 0 0 0 0 0 0 0 0 0 1 6.89226453687e-015 -6.96331881045e-015 
0.4 5.28821431089e-014 -5.96500626671e-014 0 0 0 0 0 0 0 0 0 1 1.32089894578e-013 -1.49036338826e-013 
0.400000000001 5.0901505233e-013 -6.86846135523e-013 0 0 0 0 0 0 0 0 0 1 1.27258203975e-012 -1.7170620481e-012 
0.400000000006 2.39857911311e-012 -4.26950919064e-012 0 0 0 0 0 0 0 0 0 1.00000000001 5.99637672849e-012 -1.06737729766e-011 
0.400000000019 5.06071629047e-012 -1.43872114222e-011 0 0 0 0 0 0 0 0 0 1.00000000005 1.26516397359e-011 -3.59679930284e-011 
0.400000000034 3.16308756965e-012 -2.6381989926e-011 0 0 0 0 0 0 0 0 0 1.00000000009 7.90773668768e-012 -6.59549570514e-011 
0.400000000034 -3.16308756965e-012 -2.6381989926e-011 0 0 0 0 0 0 0 0 0 1.00000000009 -7.90770116055e-012 -6.59549925786e-011 
0.400000000019 -5.06068076334e-012 -1.43872114222e-011 0 0 0 0 0 0 0 0 0 1.00000000005 -1.26517463173e-011 -3.59679575013e-011 
0.400000000006 -2.39857911311e-012 -4.26950919064e-012 0 0 0 0 0 0 0 0 0 1.00000000001 -5.99634120135e-012 -1.06737729766e-011 
0.400000000001 -5.09050579467e-013 -6.86846135523e-013 0 0 0 0 0 0 0 0 0 1 -1.27261756688e-012 -1.7170620481e-012 
0.4 -5.28466159722e-014 -5.96322990987e-014 0 0 0 0 0 0 0 0 0 1 -1.32125421715e-013 -1.49000811689e-013 
0.4 -2.78888023786e-015 -2.78888023786e-015 0 0 0 0 0 0 0 0 0 1 -6.89226453687e-015 -6.89226453687e-015 
0.4 -7.1054273576e-017 -7.1054273576e-017 0 0 0 0 0 0 0 0 0 1 -1.7763568394e-016 -1.7763568394e-016 
0.4 0 0 0 0 0 0 0 0 0 0 0 1 0 0 
0.4 0 0 0 0 0 0 0 0 0 0 0 1 0 0 
0.4 0 0 0 0 0 0 0 0 0 0 0 1 0 0 
0.4 -3.5527136788e-017 0 0 0 0 0 0 0 0 0 0 1 -1.42108547152e-016 0 
0.4 1.06581410364e-016 0 0 0 0 0 0 0 0 0 0 1 2.84217094304e-016 0 
0.4 0 0 0 0 0 0 0 0 0 0 0 1 0 0 
0.4 0 0 0 0 0 0 0 0 0 0 0 1 0 0 
0.4 7.1054273576e-017 -7.1054273576e-017 0 0 0 0 0 0 0 0 0 1 2.13162820728e-016 -1.7763568394e-016 
0.4 1.35003119794e-015 -1.61648472385e-015 0 0 0 0 0 0 0 0 0 1 3.30402372128e-015 -4.01456645704e-015 
0.4 1.26654242649e-014 -1.85984561085e-014 0 0 0 0 0 0 0 0 0 1 3.17257331517e-014 -4.64694949187e-014 
0.4 5.98099347826e-014 -1.15516485266e-013 0 0 0 0 0 0 0 0 0 1 1.49533718741e-013 -2.88835622086e-013 
0.4 1.26174626303e-013 -3.89288601355e-013 0 0 0 0 0 0 0 0 0 1 3.15409920404e-013 -9.73265912307e-013 
0.400000000001 7.8852480101e-014 -7.13900050187e-013 0 0 0 0 0 0 0 0 0 1 1.97069027763e-013 -1.78470571655e-012 
0.400000000001 -7.88702436694e-014 -7.13900050187e-013 0 0 0 0 0 0 0 0 0 1 -1.97033500626e-013 -1.78470571655e-012 
0.4 -1.26192389871e-013 -3.89288601355e-013 0 0 0 0 0 0 0 0 0 1 -3.15374393267e-013 -9.73265912307e-013 
0.4 -5.97744076458e-014 -1.15534248835e-013 0 0 0 0 0 0 0 0 0 1 -1.49462664467e-013 -2.88871149223e-013 
0.4 -1.26831878333e-014 -1.85984561085e-014 0 0 0 0 0 0 0 0 0 1 -3.16902060149e-014 -4.64694949187e-014 
0.4 -1.29674049276e-015 -1.63424829225e-015 0 0 0 0 0 0 0 0 0 1 -3.2684965845e-015 -4.01456645704e-015 
0.4 -7.1054273576e-017 -7.1054273576e-017 0 0 0 0 0 0 0 0 0 1 -1.7763568394e-016 -1.7763568394e-016 
0.4 0 0 0 0 0 0 0 0 0 0 0 1 0 0 
0.4 0 0 0 0 0 0 0 0 0 0 0 1 0 0 
0.4 0 0 0 0 0 0 0 0 0 0 0 1 0 0 
0.4 0 0 0 0 0 0 0 0 0 0 0 1 0 0 
0.4 0 0 0 0 0 0 0 0 0 0 0 1 0 0 
0.4 7.1054273576e-017 0 0 0 0 0 0 0 0 0 0 1 1.42108547152e-016 0 
0.4 0 0 0 0 0 0 0 0 0 0 0 1 0 0 
0.4 0 0 0 0 0 0 0 0 0 0 0 1 0 0 
0.4 0 0 0 0 0 0 0 0 0 0 0 1 0 0 
0.4 1.7763568394e-017 -1.7763568394e-017 0 0 0 0 0 0 0 0 0 1 7.1054273576e-017 -3.5527136788e-017 
0.4 1.59872115546e-016 -2.84217094304e-016 0 0 0 0 0 0 0 0 0 1 4.97379915032e-016 -7.46069872548e-016 
0.4 8.17124146124e-016 -1.63424829225e-015 0 0 0 0 0 0 0 0 0 1 1.98951966013e-015 -4.05009359383e-015 
0.4 1.65201186064e-015 -5.48894263375e-015 0 0 0 0 0 0 0 0 0 1 4.19220214098e-015 -1.36779476634e-014 
0.4 1.01252339846e-015 -1.0054179711e-014 0 0 0 0 0 0 0 0 0 1 2.62900812231e-015 -2.50821585723e-014 
0.4 -1.04805053525e-015 -1.0054179711e-014 0 0 0 0 0 0 0 0 0 1 -2.6645352591e-015 -2.50821585723e-014 
0.4 -1.68753899743e-015 -5.48894263375e-015 0 0 0 0 0 0 0 0 0 1 -4.26325641456e-015 -1.36779476634e-014 
0.4 -8.17124146124e-016 -1.63424829225e-015 0 0 0 0 0 0 0 0 0 1 -1.98951966013e-015 -4.01456645704e-015 
0.4 -1.7763568394e-016 -2.84217094304e-016 0 0 0 0 0 0 0 0 0 1 -4.97379915032e-016 -6.75015598972e-016 
0.4 -3.5527136788e-017 -1.7763568394e-017 0 0 0 0 0 0 0 0 0 1 -7.1054273576e-017 -3.5527136788e-017 
0.4 0 0 0 0 0 0 0 0 0 0 0 1 0 0 
0.4 0 0 0 0 0 0 0 0 0 0 0 1 0 0 
0.4 0 0 0 0 0 0 0 0 0 0 0 1 0 0 
0.4 0 0 0 0 0 0 0 0 0 0 0 1 0 0 
0.4 0 0 0 0 0 0 0 0 0 0 0 1 0 0 
0.4 -3.5527136788e-017 0 0 0 0 0 0 0 0 0 0 1 -1.42108547152e-016 0 
0.4 1.06581410364e-016 0 0 0 0 0 0 0 0 0 0 1 2.84217094304e-016 0 
0.4 0 0 0 0 0 0 0 0 0 0 0 1 0 0 
0.4 0 0 0 0 0 0 0 0 0 0 0 1 0 0 
0.4 0 0 0 0 0 0 0 0 0 0 0 1 0 0 
0.4 0 0 0 0 0 0 0 0 0 0 0 1 0 0 
0.4 0 0 0 0 0 0 0 0 0 0 0 1 0 0 
0.4 0 0 0 0 0 0 0 0 0 0 0 1 3.5527136788e-017 -3.5527136788e-017 
0.4 1.7763568394e-017 -3.5527136788e-017 0 0 0 0 0 0 0 0 0 1 0 -1.06581410364e-016 
0.4 0 -7.1054273576e-017 0 0 0 0 0 0 0 0 0 1 3.5527136788e-017 -1.7763568394e-016 
0.4 0 -7.1054273576e-017 0 0 0 0 0 0 0 0 0 1 -7.1054273576e-017 -2.13162820728e-016 
0.4 1.7763568394e-017 -3.5527136788e-017 0 0 0 0 0 0 0 0 0 1 -3.5527136788e-017 -1.06581410364e-016 
0.4 0 0 0 0 0 0 0 0 0 0 0 1 0 -7.1054273576e-017 
0.4 0 0 0 0 0 0 0 0 0 0 0 1 0 0 
0.4 0 0 0 0 0 0 0 0 0 0 0 1 0 0 
0.4 0 0 0 0 0 0 0 0 0 0 0 1 0 0 
0.4 0 0 0 0 0 0 0 0 0 0 0 1 0 0 
0.4 0 0 0 0 0 0 0 0 0 0 0 1 0 0 
0.4 0 0 0 0 0 0 0 0 0 0 0 1 0 0 
0.4 0 0 0 0 0 0 0 0 0 0 0 1 0 0 
0.4 0 0 0 0 0 0 0 0 0 0 0 1 0 0 
0.4 7.1054273576e-017 0 0 0 0 0 0 0 0 0 0 1 1.42108547152e-016 0 
0.4 0 0 0 0 0 0 0 0 0 0 0 1 0 0 
0.4 0 0 0 0 0 0 0 0 0 0 0 1 0 0 
0.4 0 0 0 0 0 0 0 0 0 0 0 1 0 0 
0.4 0 0 0 0 0 0 0 0 0 0 0 1 0 0 
0.4 0 0 0 0 0 0 0 0 0 0 0 1 0 0 
0.4 0 0 0 0 0 0 0 0 0 0 0 1 0 0 
0.4 0 0 0 0 0 0 0 0 0 0 0 1 0 0 
0.4 0 0 0 0 0 0 0 0 0 0 0 1 0 0 
0.4 0 0 0 0 0 0 0 0 0 0 0 1 0 0 
0.4 0 0 0 0 0 0 0 0 0 0 0 1 0 0 
0.4 0 0 0 0 0 0 0 0 0 0 0 1 0 0 
0.4 0 0 0 0 0 0 0 0 0 0 0 1 0 0 
0.4 0 0 0 0 0 0 0 0 0 0 0 1 0 0 
0.4 0 0 0 0 0 0 0 0 0 0 0 1 0 0 
0.4 0 0 0 0 0 0 0 0 0 0 0 1 0 0 
0.4 0 0 0 0 0 0 0 0 0 0 0 1 0 0 
0.4 0 0 0 0 0 0 0 0 0 0 0 1 0 0 
0.4 0 0 0 0 0 0 0 0 0 0 0 1 0 0 
