0.4 1.88733400505e-012 1.88730512372e-012 -8.76840822173e-013 -1.09381392832e-012 -1.38027294983e-012 -8.76643202472e-013 -1.38027894384e-012 -1.09385389635e-012 0 0 0 1 6.60650665696e-012 6.60651211935e-012 
0.400000000015 5.36220762656e-012 5.53533495171e-012 -1.03236641458e-011 -3.91631171937e-012 -3.68795781823e-012 -1.07748065908e-011 -3.8049997085e-012 -4.69794015787e-012 0 0 0 1.00000000005 1.87662419115e-011 1.93747837027e-011 
0.400000000029 -1.44323086874e-012 3.62483084561e-012 -1.63175073453e-011 6.25335339066e-013 -1.18467677798e-012 -2.34667545028e-011 3.30146128568e-013 -5.33286636759e-012 0 0 0 1.0000000001 -5.04533787956e-012 1.26875831532e-011 
0.399999999993 -2.50099480329e-011 -1.86158125672e-011 1.30770794193e-011 1.48897694174e-011 1.25973653488e-011 -2.38837533975e-012 1.97786308348e-011 1.27927154232e-011 0 0 0 0.999999999976 -8.75646866125e-011 -6.51590630723e-011 
0.399999999881 -3.92496513215e-011 -6.37825750691e-011 6.99942503957e-011 1.85787163431e-011 3.01427150009e-011 9.44998455818e-011 3.87840617454e-011 5.82264489127e-011 0 0 0 0.999999999583 -1.37308604293e-010 -2.23218531511e-010 
0.399999999753 -1.39682401677e-011 -1.08233178286e-010 8.54388559901e-011 -2.17125428748e-012 3.16825932796e-011 2.40208830224e-010 2.36902255598e-011 1.10429735658e-010 0 0 0 0.999999999135 -4.87485147325e-011 -3.78782464954e-010 
0.399999999701 3.64872433193e-011 -1.20988379837e-010 2.1846910947e-011 -2.50145992808e-011 1.03947860322e-011 3.31033135752e-010 -2.85592813438e-011 1.31493865849e-010 0 0 0 0.999999998952 1.26765244446e-010 -4.23620956451e-010 
0.399999999749 7.07140477828e-011 -9.40153525265e-011 -6.56575038782e-011 -2.30355334807e-011 -1.64867934582e-011 2.92171774834e-010 -7.5639124297e-011 1.03757418762e-010 0 0 0 0.999999999121 2.48960864692e-010 -3.29013655045e-010 
0.399999999848 6.61377146916e-011 -4.76305534872e-011 -9.64366742018e-011 -1.77102776888e-014 -2.65135658666e-011 1.55664097524e-010 -8.17927798262e-011 4.71191241287e-011 0 0 0 0.999999999469 2.31713505696e-010 -1.66310765539e-010 
0.399999999923 2.67740932443e-011 -1.3213466843e-011 -4.48954473597e-011 2.09212336344e-011 -1.25581180524e-011 3.27191400024e-011 -3.70509712769e-011 2.56353524105e-012 0 0 0 0.999999999728 9.06221226109e-011 -4.65619055155e-011 
0.399999999923 -2.67740300065e-011 -1.32134927054e-011 4.48952541809e-011 2.09213046887e-011 1.25581814272e-011 3.27194261903e-011 3.70511142989e-011 2.56348023322e-012 0 0 0 0.999999999728 -9.06218556743e-011 -4.65618697474e-011 
0.399999999848 -6.61377499016e-011 -4.76305892391e-011 9.64367763423e-011 -1.77013959046e-014 2.65135431071e-011 1.55664412636e-010 8.17926447918e-011 4.71190481615e-011 0 0 0 0.999999999469 -2.31713590031e-010 -1.66310812899e-010 
0.399999999749 -7.0714062161e-011 -9.40153845258e-011 6.56575860347e-011 -2.30355601261e-011 1.64867778718e-011 2.92171816152e-010 7.56391166245e-011 1.03757386948e-010 0 0 0 0.999999999121 -2.48960910689e-010 -3.29013868789e-010 
0.399999999701 -3.64872709761e-011 -1.2098839985e-010 -2.18468421131e-011 -2.50146259262e-011 -1.03948297851e-011 3.31033077121e-010 2.85592210582e-011 1.31493802003e-010 0 0 0 0.999999998952 -1.26765304257e-010 -4.23621147235e-010 
0.399999999753 1.39681542818e-011 -1.08233125062e-010 -8.54388493288e-011 -2.1712409648e-012 -3.16825791057e-011 2.40208579384e-010 -2.36902287626e-011 1.10429793987e-010 0 0 0 0.999999999135 4.87480722147e-011 -3.78782213816e-010 
0.399999999881 3.92496103519e-011 -6.37825546189e-011 -6.99940416737e-011 1.85788406881e-011 -3.01427079864e-011 9.44999811633e-011 -3.87838971502e-011 5.82264250013e-011 0 0 0 0.999999999583 1.37308406541e-010 -2.23218283842e-010 
0.399999999993 2.50099012521e-011 -1.86158174928e-011 -1.30763289086e-011 1.4889911526e-011 -1.25974231874e-011 -2.38824779622e-012 -1.97787920533e-011 1.27926284377e-011 0 0 0 0.999999999976 8.75645210167e-011 -6.51590737813e-011 
0.400000000029 1.44314469527e-012 3.62482325114e-012 1.63186708591e-011 6.254285978e-013 1.18464698761e-012 -2.34670131679e-011 -3.30182882981e-013 -5.3328390684e-012 0 0 0 1.0000000001 5.04523042451e-012 1.26874901224e-011 
0.400000000015 -5.36232414578e-012 5.53529344516e-012 1.03252006944e-011 -3.91624510598e-012 3.68789749561e-012 -1.07751461264e-011 3.80495525334e-012 -4.69803277681e-012 0 0 0 1.00000000005 -1.87665481839e-011 1.93745954788e-011 
0.4 -1.88748015205e-012 1.88731199581e-012 8.7871931953e-013 -1.09374287405e-012 1.38022465561e-012 -8.7736384787e-013 1.38013121087e-012 -1.09390718721e-012 0 0 0 1 -6.6070950934e-012 6.6064270936e-012 
0.400000000015 5.53536280199e-012 5.3622092409e-012 -1.07749453804e-011 -4.69791316959e-012 -3.80497657069e-012 -1.03236019733e-011 -3.68796879088e-012 -3.9163472465e-012 0 0 0 1.00000000005 1.93747931829e-011 1.8766085885e-011 
0.400000000033 6.73454233519e-013 6.7345534762e-013 -2.4491693118e-011 -1.58459467769e-012 -1.10181591583e-012 -2.44916537536e-011 -1.10183037781e-012 -1.58461839161e-012 0 0 0 1.00000000012 2.3534010783e-012 2.3532548588e-012 
0.399999999968 -4.18067616681e-011 -4.07798351574e-011 2.34095431928e-011 2.64549981921e-011 2.73679085534e-011 1.73638033617e-011 3.17315106383e-011 2.80601218928e-011 0 0 0 0.999999999889 -1.46320977392e-010 -1.4273935605e-010 
0.399999999713 -9.30246748437e-011 -1.27124065508e-010 1.78900170233e-010 5.45973222188e-011 7.82227085377e-011 2.24873899266e-010 8.33701285754e-011 1.03007098424e-010 0 0 0 0.999999998995 -3.25623399306e-010 -4.44944804294e-010 
0.399999999382 -4.7061034867e-011 -1.79543439765e-010 3.01724627505e-010 1.75188397122e-011 8.93064142023e-011 5.62793006377e-010 6.23053724783e-011 1.71172032898e-010 0 0 0 0.999999997838 -1.64446333044e-010 -6.28290922512e-010 
0.399999999354 1.38557494001e-010 -6.21839465686e-011 1.55909680721e-010 -7.83311904229e-011 -3.45167697484e-012 6.99087131433e-010 -1.04795370166e-010 9.80856982329e-011 0 0 0 0.99999999774 4.84748856245e-010 -2.17642546229e-010 
0.399999999922 3.51843229151e-010 2.89921316464e-010 -2.53387089089e-010 -1.30001729381e-010 -1.68610798744e-010 2.35425338226e-010 -3.40235794268e-010 -2.2522112732e-010 0 0 0 0.999999999722 1.22931644189e-009 1.01385982611e-009 
0.400000000988 4.45020528344e-010 7.99087020882e-010 -6.19719475736e-010 -7.30389215775e-011 -2.90293625817e-010 -8.62868678031e-010 -4.72917090769e-010 -7.5856488226e-010 0 0 0 1.00000000346 1.56278789364e-009 2.79736398611e-009 
0.400000002131 3.6282534203e-010 1.29276103271e-009 -6.41796118472e-010 4.78660355796e-011 -2.72850259923e-010 -2.16446325817e-009 -4.10178130644e-010 -1.31505900738e-009 0 0 0 1.00000000747 1.26914391519e-009 4.52675415927e-009 
0.400000002862 1.39302817379e-010 1.5940488082e-009 -2.70968030236e-010 1.41693705658e-010 -1.11142768719e-010 -3.04598908882e-009 -1.65010895621e-010 -1.66878397368e-009 0 0 0 1.00000001001 4.77970180679e-010 5.57726086284e-009 
0.400000002862 -1.39302781004e-010 1.59404882301e-009 2.70968012472e-010 1.41693656808e-010 1.1114278766e-010 -3.04598896576e-009 1.65010952592e-010 -1.66878404795e-009 0 0 0 1.00000001001 -4.77969889347e-010 5.57726087306e-009 
0.400000002131 -3.62825395595e-010 1.29276099195e-009 6.41796131795e-010 4.78660577841e-011 2.72850235679e-010 -2.16446316225e-009 4.10178060919e-010 -1.31505907126e-009 0 0 0 1.00000000747 -1.26914415559e-009 4.52675411795e-009 
0.400000000988 -4.45020532649e-010 7.9908700012e-010 6.19719471295e-010 -7.30389038139e-011 2.90293601915e-010 -8.62868709061e-010 4.72917083412e-010 -7.58564898389e-010 0 0 0 1.00000000346 -1.56278797952e-009 2.79736397663e-009 
0.399999999922 -3.51843201013e-010 2.89921319981e-010 2.5338704468e-010 -1.30001751586e-010 1.68610789912e-010 2.35425202973e-010 3.40235758756e-010 -2.25221139707e-010 0 0 0 0.999999999722 -1.2293163478e-009 1.01385992282e-009 
0.399999999354 -1.38557553119e-010 -6.21839124373e-011 -1.55909634092e-010 -7.83310927233e-011 3.4516890993e-012 6.99086966538e-010 1.04795386669e-010 9.8085707948e-011 0 0 0 0.99999999774 -4.84748969954e-010 -2.17642348936e-010 
0.399999999382 4.70609724685e-011 -1.79543422355e-010 -3.01724376595e-010 1.75188796803e-011 -8.93064062102e-011 5.62792985633e-010 -6.23053037248e-011 1.71171958705e-010 0 0 0 0.999999997838 1.64446049755e-010 -6.28290566942e-010 
0.399999999713 9.30246250929e-011 -1.27124059761e-010 -1.78899588477e-010 5.45974554456e-011 -7.82227611499e-011 2.24873792451e-010 -8.33702429932e-011 1.0300706879e-010 0 0 0 0.999999998995 3.25622970735e-010 -4.44944607424e-010 
0.399999999968 4.18066667894e-011 -4.07798624812e-011 -2.34085661965e-011 2.64551225371e-011 -2.73679658309e-011 1.73634664912e-011 -3.17315430174e-011 2.80600989732e-011 0 0 0 0.999999999889 1.46320854304e-010 -1.42739388931e-010 
0.400000000033 -6.73570781289e-013 6.73428980283e-013 2.44929898585e-011 -1.58455470967e-012 1.10175039903e-012 -2.44921863292e-011 1.10177050294e-012 -1.5846886664e-012 0 0 0 1.00000000012 -2.35377345735e-012 2.35316600082e-012 
0.400000000015 -5.53548343539e-012 5.36219346182e-012 1.07765441015e-011 -4.69782435175e-012 3.80485781616e-012 -1.03244527975e-011 3.68784205056e-012 -3.91638663267e-012 0 0 0 1.00000000005 -1.93753477583e-011 1.87659597212e-011 
0.400000000029 3.62485626384e-012 -1.44321991138e-012 -2.34668595667e-011 -5.33280530846e-012 3.3015120724e-013 -1.63174740385e-011 -1.18469582451e-012 6.25361984452e-013 0 0 0 1.0000000001 1.26876438533e-011 -5.0452913258e-012 
0.399999999968 -4.07798479347e-011 -4.18067571575e-011 1.73637837442e-011 2.80601053504e-011 3.17314991067e-011 2.3409569497e-011 2.73679137119e-011 2.64550173204e-011 0 0 0 0.999999999889 -1.42739224409e-010 -1.46320999108e-010 
0.399999999627 -1.3595687911e-010 -1.35956871053e-010 2.63338213458e-010 9.63075663662e-011 1.03727172202e-010 2.63338239766e-010 1.03727162954e-010 9.63075855435e-011 0 0 0 0.999999998693 -4.75838486462e-010 -4.75838530928e-010 
0.399999999131 -8.51929025719e-011 -1.46816424415e-010 5.64218500809e-010 5.91215476575e-011 1.10006539271e-010 6.96277936552e-010 9.30958840369e-011 1.27946657629e-010 0 0 0 0.999999996958 -2.98118220111e-010 -5.13742117427e-010 
0.399999999412 3.54586296193e-010 2.53280448837e-010 2.5618614119e-010 -2.01098084851e-010 -1.5264987328e-010 6.4216762004e-010 -2.56411150335e-010 -1.51407824164e-010 0 0 0 0.999999997944 1.24170083065e-009 8.86849813861e-010 
0.400000001626 1.05445795376e-009 1.30103685216e-009 -1.10678131104e-009 -4.89797566949e-010 -7.19479144226e-010 -1.12096949624e-009 -9.47584054015e-010 -1.04946385636e-009 0 0 0 1.00000000569 3.68829069105e-009 4.55279368473e-009 
0.400000005939 1.56040536544e-009 2.84750434601e-009 -2.91513997386e-009 -4.7304510975e-010 -1.30279028591e-009 -5.24066236867e-009 -1.57822259525e-009 -2.58342664333e-009 0 0 0 1.00000002078 5.45752324207e-009 9.96338902065e-009 
0.400000011242 1.57497392732e-009 4.45260705135e-009 -3.92476674937e-009 -1.0045985821e-010 -1.52156396935e-009 -1.09122300183e-008 -1.7262008769e-009 -4.37803178936e-009 0 0 0 1.00000003936 5.53228011827e-009 1.55885485095e-008 
0.40000001592 1.13277554159e-009 5.70071114843e-009 -3.34531975232e-009 3.83493659051e-010 -1.20592122159e-009 -1.62977891867e-008 -1.31535868917e-009 -5.90884276704e-009 0 0 0 1.00000005575 3.95626572262e-009 1.99606026538e-008 
0.400000018623 4.09364695386e-010 6.36338957331e-009 -1.30928601072e-009 7.05745444307e-010 -4.56386819933e-010 -1.95571232391e-008 -4.94917096523e-010 -6.77373158115e-009 0 0 0 1.00000006515 1.39831037197e-009 2.22626661796e-008 
0.400000018623 -4.09364656289e-010 6.36338956858e-009 1.30928598407e-009 7.05745426544e-010 4.56386803048e-010 -1.95571232556e-008 4.94917093384e-010 -6.7737315874e-009 0 0 0 1.00000006515 -1.3983102446e-009 2.2262665993e-008 
0.40000001592 -1.13277559251e-009 5.70071113437e-009 3.34531970569e-009 3.83493627965e-010 1.20592121579e-009 -1.62977892557e-008 1.31535865982e-009 -5.90884278268e-009 0 0 0 1.00000005575 -3.95626580828e-009 1.99606025897e-008 
0.400000011242 -1.57497391382e-009 4.45260705595e-009 3.92476673161e-009 -1.00459849328e-010 1.52156397362e-009 -1.09122301268e-008 1.72620088414e-009 -4.37803181469e-009 0 0 0 1.00000003936 -5.53228018966e-009 1.5588548526e-008 
0.400000005939 -1.56040532401e-009 2.84750434983e-009 2.91513991169e-009 -4.73045149718e-010 1.3027902789e-009 -5.24066246339e-009 1.57822259405e-009 -2.58342664982e-009 0 0 0 1.00000002078 -5.45752319665e-009 9.96338901091e-009 
0.400000001626 -1.05445799347e-009 1.30103686485e-009 1.10678136211e-009 -4.89797513659e-010 7.19479136711e-010 -1.12096961337e-009 9.47584037429e-010 -1.04946381326e-009 0 0 0 1.00000000569 -3.68829072667e-009 4.55279367841e-009 
0.399999999412 -3.54586364239e-010 2.53280465743e-010 -2.56185874736e-010 -2.01098049324e-010 1.52649879974e-010 6.42167485726e-010 2.56411170986e-010 -1.51407798829e-010 0 0 0 0.999999997944 -1.24170100039e-009 8.86849867221e-010 
0.399999999131 8.51928276762e-011 -1.46816400794e-010 -5.64218023413e-010 5.91216142709e-011 -1.10006565374e-010 6.96277730116e-010 -9.30959577687e-011 1.27946610151e-010 0 0 0 0.999999996958 2.98117634058e-010 -5.13741986064e-010 
0.399999999627 1.35956757094e-010 -1.35956839334e-010 -2.63337402995e-010 9.63076285387e-011 -1.0372720505e-010 2.63337810118e-010 -1.03727217782e-010 9.63075748505e-011 0 0 0 0.999999998693 4.75838203776e-010 -4.75838409921e-010 
0.399999999968 4.07797218129e-011 -4.18067548452e-011 -1.73627401345e-011 2.80601764047e-011 -3.17315694517e-011 2.34089934246e-011 -2.73679506211e-011 2.64550662468e-011 0 0 0 0.999999999889 1.42738781488e-010 -1.46321056945e-010 
0.400000000029 -3.62496514192e-012 -1.44322772393e-012 2.34680874733e-011 -5.33275201775e-012 -3.30241775613e-013 -1.63182931479e-011 1.18459390989e-012 6.25401005051e-013 0 0 0 1.0000000001 -1.26881376438e-011 -5.0453985015e-012 
0.399999999993 -1.86157756447e-011 -2.50099889316e-011 -2.38843389511e-012 1.27927668458e-011 1.97786450543e-011 1.3077170458e-011 1.25973625213e-011 1.48897782989e-011 0 0 0 0.999999999976 -6.51590193666e-011 -8.75644749601e-011 
0.399999999713 -1.27124069227e-010 -9.30247017326e-011 2.24873875077e-010 1.03007082863e-010 8.33701334397e-011 1.78900253731e-010 7.82227126435e-011 5.45973467448e-011 0 0 0 0.999999998995 -4.44944711948e-010 -3.25623142199e-010 
0.399999999131 -1.46816421506e-010 -8.5192925092e-011 6.96277882017e-010 1.27946648831e-010 9.30958643992e-011 5.64218570053e-010 1.10006537581e-010 5.91215461202e-011 0 0 0 0.999999996958 -5.13742137033e-010 -2.98117962268e-010 
0.399999999565 4.63408692176e-010 4.63408670837e-010 3.76671711599e-010 -2.88206880583e-010 -3.03892699122e-010 3.76671759424e-010 -3.03892691931e-010 -2.8820687534e-010 0 0 0 0.999999998477 1.62227908372e-009 1.622279274e-009 
0.400000003625 1.85592372179e-009 2.04122149994e-009 -2.38007913378e-009 -1.10132988951e-009 -1.38802365314e-009 -2.56273489167e-009 -1.49397660757e-009 -1.46733331275e-009 0 0 0 1.00000001269 6.49570815439e-009 7.14397138142e-009 
0.40000001256 3.17273256909e-009 4.43354403173e-009 -7.3986186111e-009 -1.51414328187e-009 -2.7906701456e-009 -1.02902278919e-008 -2.96632076505e-009 -3.59804222075e-009 0 0 0 1.00000004395 1.10949123155e-008 1.55116819809e-008 
0.400000024368 3.45903377552e-009 6.69326953584e-009 -1.18814526484e-008 -9.39142865697e-010 -3.65635141891e-009 -2.22255781484e-008 -3.70752785784e-009 -6.09317512247e-009 0 0 0 1.00000008526 1.21089816511e-008 2.34213058841e-008 
0.400000035468 2.7277133266e-009 8.02488518704e-009 -1.29283934669e-008 2.61237258492e-010 -3.46917752577e-009 -3.50748296395e-008 -3.29952312727e-009 -8.09626057496e-009 0 0 0 1.00000012421 9.61358643276e-009 2.81133733259e-008 
0.400000043367 1.60757614189e-009 8.4119028697e-009 -9.79324754402e-009 1.36678758089e-009 -2.38477967093e-009 -4.52839401069e-008 -2.16174034603e-009 -9.2089634004e-009 0 0 0 1.00000015189 5.57382933827e-009 2.9469007185e-008 
0.400000047294 5.17103166896e-010 8.37606733466e-009 -3.62418961508e-009 1.97678772462e-009 -8.36721437658e-010 -5.07878446738e-008 -7.51525049693e-010 -9.61693009154e-009 0 0 0 1.0000001654 1.68997229538e-009 2.92722800387e-008 
0.400000047294 -5.17103159349e-010 8.37606733507e-009 3.6241895307e-009 1.97678774683e-009 8.36721413914e-010 -5.07878446725e-008 7.51525050264e-010 -9.61693005471e-009 0 0 0 1.0000001654 -1.68997223858e-009 2.927228007e-008 
0.400000043367 -1.60757618042e-009 8.41190291207e-009 9.79324748629e-009 1.36678760754e-009 2.38477967904e-009 -4.52839401563e-008 2.16174032332e-009 -9.20896337991e-009 0 0 0 1.00000015189 -5.57382929694e-009 2.9469007288e-008 
0.400000035468 -2.72771332532e-009 8.02488521648e-009 1.2928393458e-008 2.61237267374e-010 3.46917752699e-009 -3.50748296937e-008 3.29952314533e-009 -8.09626053015e-009 0 0 0 1.00000012421 -9.61358660215e-009 2.81133732938e-008 
0.400000024368 -3.45903373533e-009 6.69326954635e-009 1.18814525618e-008 -9.39142905665e-010 3.65635140172e-009 -2.22255781959e-008 3.70752785911e-009 -6.09317511726e-009 0 0 0 1.00000008526 -1.21089816404e-008 2.34213057347e-008 
0.40000001256 -3.17273258686e-009 4.43354401701e-009 7.39861860444e-009 -1.51414323746e-009 2.79067013962e-009 -1.02902279465e-008 2.96632075299e-009 -3.59804225232e-009 0 0 0 1.00000004395 -1.10949121748e-008 1.55116818576e-008 
0.400000003625 -1.85592378844e-009 2.04122154006e-009 2.38007933806e-009 -1.10132981845e-009 1.38802361698e-009 -2.56273498005e-009 1.49397660531e-009 -1.46733331266e-009 0 0 0 1.00000001269 -6.49570832079e-009 7.14397133593e-009 
0.399999999565 -4.63408754386e-010 4.63408729096e-010 -3.76671329683e-010 -2.88206849497e-010 3.03892660762e-010 3.76671571376e-010 3.03892643434e-010 -2.8820686712e-010 0 0 0 0.999999998477 -1.62227959689e-009 1.62227928443e-009 
0.399999999131 1.46816304018e-010 -8.51928515384e-011 -6.96277240309e-010 1.27946711004e-010 -9.30959236251e-011 5.64218228711e-010 -1.10006561193e-010 5.91215827734e-011 0 0 0 0.999999996958 5.13741768377e-010 -2.98117921299e-010 
0.399999999713 1.27123951056e-010 -9.30246188692e-011 -2.24873013543e-010 1.03007140595e-010 -8.33701815433e-011 1.78899804256e-010 -7.82227424416e-011 5.45974052564e-011 0 0 0 0.999999998995 4.44944217646e-010 -3.25623049538e-010 
0.399999999993 1.8615679788e-011 -2.50098755903e-011 2.38947306386e-012 1.27928467819e-011 -1.9778665342e-011 1.30765434078e-011 -1.2597448319e-011 1.48898567062e-011 0 0 0 0.999999999976 6.51586462059e-011 -8.75642151478e-011 
0.399999999881 -6.37825183548e-011 -3.92496781945e-011 9.44997613495e-011 5.82264503279e-011 3.87840207059e-011 6.99943325526e-011 3.01426976523e-011 1.85787252249e-011 0 0 0 0.999999999583 -2.23218378608e-010 -1.37308882973e-010 
0.399999999382 -1.79543407755e-010 -4.70610477023e-011 5.62792921155e-010 1.71172058749e-010 6.23053552698e-011 3.0172466169e-010 8.9306414598e-011 1.75188061046e-011 0 0 0 0.999999997838 -6.28290684857e-010 -1.64446525092e-010 
0.399999999412 2.53280430809e-010 3.54586297415e-010 6.42167552467e-010 -1.5140779297e-010 -2.56411152264e-010 2.56186170651e-010 -1.52649894337e-010 -2.01098116219e-010 0 0 0 0.999999997944 8.86849717472e-010 1.24170067229e-009 
0.400000003625 2.04122154073e-009 1.85592372661e-009 -2.56273494648e-009 -1.4673333304e-009 -1.49397660426e-009 -2.38007912725e-009 -1.38802365476e-009 -1.10132990772e-009 0 0 0 1.00000001269 7.14397132593e-009 6.49570810258e-009 
0.400000015566 4.41401573949e-009 4.41401575135e-009 -1.11182678819e-008 -2.914394166e-009 -3.54947020442e-009 -1.11182678723e-008 -3.54947020744e-009 -2.91439418555e-009 0 0 0 1.00000005447 1.54427772632e-008 1.54427773487e-008 
0.400000032975 5.17341657617e-009 6.50291470823e-009 -2.15899012224e-008 -2.69394097696e-009 -5.116088814e-009 -2.66101300882e-008 -5.07762767375e-009 -4.92452322913e-009 0 0 0 1.00000011536 1.80864788928e-008 2.2743691411e-008 
0.400000048548 3.60848770767e-009 6.4217396177e-009 -2.72432241877e-008 -6.48715081653e-010 -4.97737406287e-009 -4.42524890357e-008 -4.62098215171e-009 -5.78106767793e-009 0 0 0 1.0000001699 1.26893785265e-008 2.24958455981e-008 
0.400000057135 1.3295941974e-009 4.14221843151e-009 -2.4936743217e-008 1.57547987101e-009 -3.42148064815e-009 -5.79319366856e-008 -2.78488355241e-009 -4.84646744544e-009 0 0 0 1.00000020033 4.8340702462e-009 1.46239805285e-008 
0.400000059388 -7.7778027021e-012 1.19991440491e-009 -1.66816673941e-008 2.82900403992e-009 -1.67097350173e-009 -6.53094105413e-008 -1.14707082781e-009 -2.90621488481e-009 0 0 0 1.00000020816 -2.92556683075e-010 4.26569572211e-009 
0.400000059064 -1.59692911759e-010 -7.28849181194e-010 -5.77221245024e-009 3.24482072322e-009 -4.52634973265e-010 -6.8015456973e-008 -2.83903458457e-010 -1.43206253677e-009 0 0 0 1.0000002061 -9.56974648653e-010 -2.76650563999e-009 
0.400000059064 1.59692923234e-010 -7.28849193951e-010 5.77221233033e-009 3.24482076319e-009 4.52634966398e-010 -6.80154569411e-008 2.83903469038e-010 -1.4320625389e-009 0 0 0 1.0000002061 9.56974740682e-010 -2.76650563605e-009 
0.400000059388 7.77777878669e-012 1.1999143887e-009 1.66816673342e-008 2.82900408433e-009 1.67097349278e-009 -6.53094105043e-008 1.14707082843e-009 -2.90621484515e-009 0 0 0 1.00000020816 2.92556767536e-010 4.26569576778e-009 
0.400000057135 -1.32959420968e-009 4.14221841544e-009 2.49367432192e-008 1.57547988433e-009 3.42148066535e-009 -5.79319366415e-008 2.7848835446e-009 -4.84646738458e-009 0 0 0 1.00000020033 -4.83407046956e-009 1.46239806174e-008 
0.400000048548 -3.60848768415e-009 6.42173961202e-009 2.72432241055e-008 -6.48715077212e-010 4.97737406901e-009 -4.42524889687e-008 4.62098214756e-009 -5.78106762564e-009 0 0 0 1.0000001699 -1.26893785826e-008 2.24958456514e-008 
0.400000032975 -5.17341658735e-009 6.50291470323e-009 2.15899011802e-008 -2.69394091035e-009 5.11608880202e-009 -2.66101300185e-008 5.07762767546e-009 -4.92452321304e-009 0 0 0 1.00000011536 -1.80864787864e-008 2.27436913633e-008 
0.400000015566 -4.41401577797e-009 4.41401576993e-009 1.11182680218e-008 -2.91439410827e-009 3.54947019159e-009 -1.11182678561e-008 3.54947018871e-009 -2.9143941038e-009 0 0 0 1.00000005447 -1.54427773769e-008 1.54427772986e-008 
0.400000003625 -2.04122157967e-009 1.85592375021e-009 2.56273521071e-009 -1.46733321937e-009 1.49397658344e-009 -2.38007918067e-009 1.38802363459e-009 -1.1013298145e-009 0 0 0 1.00000001269 -7.14397165144e-009 6.49570817468e-009 
0.399999999412 -2.53280540418e-010 3.54586325336e-010 -6.42167035103e-010 -1.51407748561e-010 2.56411133671e-010 2.56186061265e-010 1.52649881714e-010 -2.01098062595e-010 0 0 0 0.999999997944 -8.86850044195e-010 1.24170092777e-009 
0.399999999382 1.79543340951e-010 -4.70609695141e-011 -5.62792203951e-010 1.71172089836e-010 -6.23053876204e-011 3.01724511834e-010 -8.93064234918e-011 1.75188997888e-011 0 0 0 0.999999997838 6.28290443338e-010 -1.64446003677e-010 
0.399999999881 6.37824738969e-011 -3.92495581844e-011 -9.44988753915e-011 5.82264947369e-011 -3.87840732495e-011 6.99940590148e-011 -3.01427520428e-011 1.85788373044e-011 0 0 0 0.999999999583 2.23218177894e-010 -1.37308162046e-010 
0.399999999753 -1.08233122396e-010 -1.39682041962e-011 2.40208635205e-010 1.10429740907e-010 2.36902182957e-011 8.54389359267e-011 3.16825682812e-011 -2.1712542867e-012 0 0 0 0.999999999135 -3.78782268441e-010 -4.87484980591e-011 
0.399999999354 -6.21839158906e-011 1.38557499143e-010 6.99086988298e-010 9.80857306487e-011 -1.04795394183e-010 1.55909697509e-010 -3.45169243957e-012 -7.83311665787e-011 0 0 0 0.99999999774 -2.17642424697e-010 4.84748771902e-010 
0.400000001626 1.3010368538e-009 1.05445794089e-009 -1.12096955274e-009 -1.04946384916e-009 -9.47584050123e-010 -1.10678131301e-009 -7.19479137998e-010 -4.89797518721e-010 0 0 0 1.00000000569 4.55279357247e-009 3.68829058573e-009 
0.40000001256 4.43354405069e-009 3.17273255885e-009 -1.02902279275e-008 -3.59804222416e-009 -2.96632076033e-009 -7.39861858422e-009 -2.79067014342e-009 -1.51414325368e-009 0 0 0 1.00000004395 1.55116820841e-008 1.10949121862e-008 
0.400000032975 6.50291469547e-009 5.17341657829e-009 -2.6610130075e-008 -4.92452323364e-009 -5.07762766482e-009 -2.15899011812e-008 -5.11608881468e-009 -2.69394092378e-009 0 0 0 1.00000011536 2.27436914408e-008 1.80864789086e-008 
0.400000052138 4.35219200322e-009 4.35219199832e-009 -3.97841477429e-008 -2.5677791804e-009 -5.07490965396e-009 -3.97841477174e-008 -5.07490966671e-009 -2.5677791762e-009 0 0 0 1.00000018239 1.52450443493e-008 1.52450444221e-008 
0.400000057814 -4.05879401166e-010 -1.68926944682e-010 -4.00860516714e-008 1.51666213366e-009 -2.51246385064e-009 -5.25674718692e-008 -2.15585847096e-009 1.17608919672e-013 0 0 0 1.00000020271 -1.13864491182e-009 -3.825494207e-010 
0.4000000495 -3.55801479683e-009 -6.15757198256e-009 -2.93596834244e-008 3.76668153113e-009 4.45113050107e-010 -5.44679576725e-008 9.73945005724e-010 4.35297255834e-009 0 0 0 1.00000017466 -1.21510649402e-008 -2.1131300438e-008 
0.400000036396 -3.49605530984e-009 -1.08512026696e-008 -1.60025428064e-008 3.6666358616e-009 1.62945592422e-009 -4.90695009659e-008 1.89552123e-009 8.53336521108e-009 0 0 0 1.00000012777 -1.33916050738e-008 -3.80613547509e-008 
0.400000027609 -1.36237176294e-009 -1.31608006263e-008 -4.85535972317e-009 2.97335756905e-009 8.087279158e-010 -4.39833166114e-008 8.23813144482e-010 1.09273645566e-008 0 0 0 1.00000009348 -6.01911206393e-009 -4.72022136444e-008 
0.400000027609 1.36237177105e-009 -1.31608006248e-008 4.85535967432e-009 2.97335753796e-009 -8.08727875408e-010 -4.39833165835e-008 -8.23813124581e-010 1.0927364526e-008 0 0 0 1.00000009348 6.01911209273e-009 -4.72022137041e-008 
0.400000036396 3.49605528816e-009 -1.08512026744e-008 1.60025427398e-008 3.66663587492e-009 -1.62945593266e-009 -4.90695009067e-008 -1.89552123577e-009 8.5333651653e-009 0 0 0 1.00000012777 1.33916052244e-008 -3.80613548907e-008 
0.4000000495 3.55801477288e-009 -6.15757199978e-009 2.93596834844e-008 3.76668157109e-009 -4.45113034527e-010 -5.44679576009e-008 -9.73945001486e-010 4.35297248721e-009 0 0 0 1.00000017466 1.21510646957e-008 -2.11313006281e-008 
0.400000057814 4.05879408165e-010 -1.68926937736e-010 4.00860516381e-008 1.51666208925e-009 2.51246386682e-009 -5.25674717935e-008 2.15585848504e-009 1.17578990835e-013 0 0 0 1.00000020271 1.13864474849e-009 -3.82549527444e-010 
0.400000052138 -4.35219198962e-009 4.35219198791e-009 3.97841476896e-008 -2.5677791804e-009 5.07490967487e-009 -3.97841475874e-008 5.07490966484e-009 -2.56777921053e-009 0 0 0 1.00000018239 -1.52450442086e-008 1.52450443609e-008 
0.400000032975 -6.50291472243e-009 5.17341657515e-009 2.66101301793e-008 -4.92452322476e-009 5.07762766358e-009 -2.15899011114e-008 5.11608878762e-009 -2.69394096054e-009 0 0 0 1.00000011536 -2.27436915407e-008 1.80864788267e-008 
0.40000001256 -4.43354410856e-009 3.17273255841e-009 1.02902281851e-008 -3.59804219308e-009 2.96632077125e-009 -7.39861853384e-009 2.79067014867e-009 -1.51414324709e-009 0 0 0 1.00000004395 -1.5511682172e-008 1.10949122161e-008 
0.400000001626 -1.301036918e-009 1.05445795212e-009 1.12097005678e-009 -1.04946378698e-009 9.47584055216e-010 -1.10678124898e-009 7.19479140571e-010 -4.89797524679e-010 0 0 0 1.00000000569 -4.5527937914e-009 3.68829076383e-009 
0.399999999354 6.21838639934e-011 1.38557519072e-010 -6.99086373235e-010 9.80857750577e-011 1.04795370316e-010 1.55909728214e-010 3.45166041036e-012 -7.8331150362e-011 0 0 0 0.99999999774 2.17642135725e-010 4.84748817909e-010 
0.399999999753 1.08233114895e-010 -1.39681559529e-011 -2.40207926883e-010 1.1042975423e-010 -2.3690252754e-011 8.54388377734e-011 -3.16826114051e-011 -2.17126374722e-012 0 0 0 0.999999999135 3.78782383577e-010 -4.87483515136e-011 
0.399999999701 -1.20988370521e-010 3.6487269415e-011 3.3103294772e-010 1.31493851363e-010 -2.85592874252e-011 2.18469198293e-011 1.03947865788e-011 -2.50146259273e-011 0 0 0 0.999999998952 -4.2362092593e-010 1.26765507547e-010 
0.399999999922 2.89921310061e-010 3.51843212943e-010 2.35425161588e-010 -2.2522110843e-010 -3.40235798211e-010 -2.53387045996e-010 -1.68610788043e-010 -1.30001718221e-010 0 0 0 0.999999999722 1.01385984162e-009 1.22931653099e-009 
0.400000005939 2.84750434658e-009 1.56040532579e-009 -5.24066245733e-009 -2.58342662374e-009 -1.57822260532e-009 -2.91513988456e-009 -1.30279027351e-009 -4.73045124378e-010 0 0 0 1.00000002078 9.96338890231e-009 5.45752318201e-009 
0.400000024368 6.6932695731e-009 3.45903374099e-009 -2.22255782201e-008 -6.09317512001e-009 -3.70752788147e-009 -1.18814525631e-008 -3.65635141967e-009 -9.39142878566e-010 0 0 0 1.00000008526 2.3421305969e-008 1.21089816056e-008 
0.400000048548 6.4217396252e-009 3.60848769273e-009 -4.42524890309e-008 -5.78106767346e-009 -4.62098217627e-009 -2.72432241097e-008 -4.97737406712e-009 -6.48715117031e-010 0 0 0 1.0000001699 2.24958456883e-008 1.26893783931e-008 
0.400000057814 -1.68926949708e-010 -4.05879433201e-010 -5.2567471891e-008 1.17603704552e-013 -2.15585847398e-009 -4.00860516618e-008 -2.51246386778e-009 1.51666207203e-009 0 0 0 1.00000020271 -3.82549564726e-010 -1.13864503367e-009 
0.400000042011 -6.97522654783e-009 -6.97522656667e-009 -3.9781157597e-008 5.36143299978e-009 2.25321050786e-009 -3.97811576011e-008 2.25321051349e-009 5.36143301672e-009 0 0 0 1.000000149 -2.37389688303e-008 -2.37389689949e-008 
0.400000013446 -8.30614144147e-009 -1.19235481234e-008 -1.90162078484e-008 5.61438733726e-009 4.91877568328e-009 -2.63487905816e-008 4.97901160982e-009 9.13521101202e-009 0 0 0 1.00000005018 -2.93645839612e-008 -4.13977466493e-008 
0.399999989464 -5.41390090247e-009 -1.35292851719e-008 -5.05063195266e-009 2.82959511377e-009 4.31747362883e-009 -9.97208747882e-009 4.06664641364e-009 1.13450700481e-008 0 0 0 0.999999959552 -2.3260816922e-008 -4.96806117478e-008 
0.399999977375 -1.73128285976e-009 -1.33844582654e-008 -4.49312602679e-010 7.26916620231e-010 1.62868173505e-009 -1.06739026314e-010 1.40193466393e-009 1.20596694616e-008 0 0 0 0.999999904876 -9.67799239725e-009 -5.27443898019e-008 
0.399999977375 1.73128287056e-009 -1.33844582693e-008 4.49312635986e-010 7.26916624672e-010 -1.62868171139e-009 -1.06739011785e-010 -1.40193465803e-009 1.20596694876e-008 0 0 0 0.999999904876 9.67799229843e-009 -5.2744389823e-008 
0.399999989464 5.41390087856e-009 -1.35292851841e-008 5.05063191492e-009 2.82959516262e-009 -4.31747361562e-009 -9.97208746046e-009 -4.066646416e-009 1.13450700942e-008 0 0 0 0.999999959552 2.32608169991e-008 -4.96806118458e-008 
0.400000013446 8.30614141493e-009 -1.19235481291e-008 1.90162078906e-008 5.61438741276e-009 -4.91877568817e-009 -2.63487905655e-008 -4.97901160794e-009 9.13521099846e-009 0 0 0 1.00000005018 2.93645837813e-008 -4.13977467264e-008 
0.400000042011 6.97522654482e-009 -6.97522655517e-009 3.97811576125e-008 5.36143302199e-009 -2.25321051811e-009 -3.97811575548e-008 -2.25321050448e-009 5.36143301797e-009 0 0 0 1.000000149 2.37389688067e-008 -2.37389690057e-008 
0.400000057814 1.68926964532e-010 -4.05879407873e-010 5.25674718643e-008 1.17585940983e-013 2.15585848166e-009 -4.00860515847e-008 2.51246387458e-009 1.51666209179e-009 0 0 0 1.00000020271 3.82549750044e-010 -1.13864493336e-009 
0.400000048548 -6.42173965284e-009 3.60848768325e-009 4.42524891153e-008 -5.7810675802e-009 4.62098215437e-009 -2.7243224051e-008 4.97737406054e-009 -6.4871506125e-010 0 0 0 1.0000001699 -2.24958458263e-008 1.26893785408e-008 
0.400000024368 -6.69326963072e-009 3.45903375968e-009 2.2225578491e-008 -6.09317506672e-009 3.70752786209e-009 -1.18814525246e-008 3.65635141882e-009 -9.39142866578e-010 0 0 0 1.00000008526 -2.34213059445e-008 1.2108981725e-008 
0.400000005939 -2.84750440139e-009 1.56040534733e-009 5.24066293028e-009 -2.58342660153e-009 1.57822259012e-009 -2.91513984963e-009 1.30279027833e-009 -4.73045137482e-010 0 0 0 1.00000002078 -9.96338916214e-009 5.45752335729e-009 
0.399999999922 -2.89921359565e-010 3.5184321941e-010 -2.35424635342e-010 -2.25221072903e-010 3.40235767609e-010 -2.53387029241e-010 1.68610769987e-010 -1.30001738721e-010 0 0 0 0.999999999722 -1.01386024869e-009 1.22931655555e-009 
0.399999999701 1.20988374445e-010 3.64872714667e-011 -3.31032381506e-010 1.31493855804e-010 2.85592296422e-011 2.18468589564e-011 -1.03948146616e-011 -2.50146106623e-011 0 0 0 0.999999998952 4.23621075254e-010 1.26765369416e-010 
0.399999999749 -9.40153563107e-011 7.07140762877e-011 2.92171644656e-010 1.03757407111e-010 -7.563909695e-011 -6.5657606019e-011 -1.64867979357e-011 -2.30355734476e-011 0 0 0 0.999999999121 -3.29013544485e-010 2.48960785276e-010 
0.400000000988 7.99086982737e-010 4.45020529951e-010 -8.62868785312e-010 -7.5856488202e-010 -4.72917051964e-010 -6.19719547285e-010 -2.9029360517e-010 -7.30389766001e-011 0 0 0 1.00000000346 2.79736382629e-009 1.56278793347e-009 
0.400000011242 4.45260703567e-009 1.57497391223e-009 -1.09122300973e-008 -4.37803178599e-009 -1.72620085972e-009 -3.9247667595e-009 -1.52156394778e-009 -1.00459894076e-010 0 0 0 1.00000003936 1.55885483405e-008 5.53228020524e-009 
0.400000035468 8.02488524554e-009 2.72771333409e-009 -3.50748297406e-008 -8.09626058196e-009 -3.29952311784e-009 -1.29283934657e-008 -3.46917753502e-009 2.61237249459e-010 0 0 0 1.00000012421 2.81133735455e-008 9.61358664879e-009 
0.400000057135 4.14221842756e-009 1.32959420926e-009 -5.79319367477e-008 -4.8464674185e-009 -2.78488355049e-009 -2.49367432354e-008 -3.42148065435e-009 1.57547989163e-009 0 0 0 1.00000020033 1.46239805066e-008 4.83407040749e-009 
0.4000000495 -6.15757201667e-009 -3.55801480077e-009 -5.44679576731e-008 4.35297253798e-009 9.73944997354e-010 -2.93596834545e-008 4.45113057432e-010 3.76668156566e-009 0 0 0 1.00000017466 -2.11313005976e-008 -1.21510647551e-008 
0.400000013446 -1.19235480915e-008 -8.30614144327e-009 -2.63487905872e-008 9.13521101431e-009 4.9790116098e-009 -1.90162078843e-008 4.91877567475e-009 5.61438737948e-009 0 0 0 1.00000005018 -4.13977465265e-008 -2.93645838516e-008 
0.399999976662 -8.97836726894e-009 -8.97836729042e-009 -2.56322896241e-011 5.8462395458e-009 5.74603582629e-009 -2.56323047446e-011 5.74603583813e-009 5.84623955023e-009 0 0 0 0.999999916228 -3.5378225048e-008 -3.53782250393e-008 
0.399999956993 -3.60918941564e-009 -6.32734549648e-009 8.68671661713e-009 6.16390773978e-010 3.68815020651e-009 1.5713508048e-008 3.35583808686e-009 4.62714506982e-009 0 0 0 0.999999820055 -2.54767437458e-008 -3.48677393151e-008 
0.39999995109 -6.97861359629e-010 -3.86493748515e-009 4.18961364046e-009 -1.99498517262e-009 1.1448042894e-009 2.29302623281e-008 8.79196481368e-010 3.39262633857e-009 0 0 0 0.999999763089 -1.14469643988e-008 -3.53633199145e-008 
0.39999995109 6.97861370081e-010 -3.86493747686e-009 -4.18961358495e-009 -1.99498516817e-009 -1.14480431368e-009 2.29302623139e-008 -8.79196484911e-010 3.39262632579e-009 0 0 0 0.999999763089 1.14469642729e-008 -3.53633199191e-008 
0.399999956993 3.60918938979e-009 -6.32734550013e-009 -8.68671663268e-009 6.16390800623e-010 -3.6881502046e-009 1.57135080395e-008 -3.35583808178e-009 4.62714504406e-009 0 0 0 0.999999820055 2.54767437587e-008 -3.4867739406e-008 
0.399999976662 8.97836726409e-009 -8.97836726691e-009 2.56323007264e-011 5.84623955913e-009 -5.74603583622e-009 -2.56322956129e-011 -5.74603583074e-009 5.84623955111e-009 0 0 0 0.999999916228 3.53782250242e-008 -3.5378225046e-008 
0.400000013446 1.19235481184e-008 -8.30614142054e-009 2.63487905805e-008 9.13521105872e-009 -4.97901160458e-009 -1.90162078748e-008 -4.91877567982e-009 5.61438738931e-009 0 0 0 1.00000005018 4.13977464894e-008 -2.93645838568e-008 
0.4000000495 6.15757201051e-009 -3.55801479072e-009 5.44679576753e-008 4.35297252466e-009 -9.73945008331e-010 -2.93596834155e-008 -4.45113022238e-010 3.76668156674e-009 0 0 0 1.00000017466 2.11313008258e-008 -1.2151064798e-008 
0.400000057135 -4.14221845227e-009 1.32959418024e-009 5.79319367655e-008 -4.84646736965e-009 2.78488353812e-009 -2.49367431416e-008 3.4214806595e-009 1.57547986329e-009 0 0 0 1.00000020033 -1.46239806936e-008 4.83407037322e-009 
0.400000035468 -8.02488525189e-009 2.72771332917e-009 3.50748299338e-008 -8.09626047982e-009 3.29952310957e-009 -1.29283933759e-008 3.46917751971e-009 2.61237277733e-010 0 0 0 1.00000012421 -2.81133733937e-008 9.6135865586e-009 
0.400000011242 -4.45260709136e-009 1.57497395108e-009 1.09122305347e-008 -4.37803171938e-009 1.72620085392e-009 -3.92476674255e-009 1.52156393245e-009 -1.00459891963e-010 0 0 0 1.00000003936 -1.55885485738e-008 5.53228023837e-009 
0.400000000988 -7.99087045007e-010 4.45020572213e-010 8.62869289353e-010 -7.58564864256e-010 4.72917069645e-010 -6.19719527445e-010 2.90293612236e-010 -7.30389502916e-011 0 0 0 1.00000000346 -2.7973642584e-009 1.56278816475e-009 
0.399999999749 9.40153629445e-011 7.07141095644e-011 -2.92171131733e-010 1.03757429315e-010 7.56391191557e-011 -6.56575956149e-011 1.64867946554e-011 -2.30355756194e-011 0 0 0 0.999999999121 3.29013775084e-010 2.48961197324e-010 
0.399999999848 -4.763055386e-011 6.61377489374e-011 1.55664066082e-010 4.7119144142e-011 -8.1792741592e-011 -9.64369606386e-011 -2.65135374739e-011 -1.77369185524e-014 0 0 0 0.999999999469 -1.66310513676e-010 2.31713744009e-010 
0.400000002131 1.29276098113e-009 3.62825408117e-010 -2.16446325529e-009 -1.31505901724e-009 -4.10178108632e-010 -6.41796323045e-010 -2.72850231016e-010 4.78660402614e-011 0 0 0 1.00000000747 4.52675404127e-009 1.26914418931e-009 
0.40000001592 5.70071113272e-009 1.13277560904e-009 -1.62977891915e-008 -5.90884274398e-009 -1.31535867223e-009 -3.34531983247e-009 -1.20592119432e-009 3.83493607983e-010 0 0 0 1.00000005575 1.99606025455e-008 3.95626592263e-009 
0.400000043367 8.41190290611e-009 1.60757618015e-009 -4.52839401688e-008 -9.20896344514e-009 -2.16174033223e-009 -9.79324758808e-009 -2.38477967146e-009 1.36678755619e-009 0 0 0 1.00000015189 2.94690073674e-008 5.57382938182e-009 
0.400000059388 1.1999144069e-009 -7.77779114225e-012 -6.53094105885e-008 -2.90621487764e-009 -1.14707080713e-009 -1.66816674206e-008 -1.67097350245e-009 2.82900401385e-009 0 0 0 1.00000020816 4.26569569611e-009 -2.92556676241e-010 
0.400000036396 -1.08512026758e-008 -3.49605531017e-009 -4.9069500978e-008 8.53336523665e-009 1.89552123826e-009 -1.60025428129e-008 1.62945593709e-009 3.6666358449e-009 0 0 0 1.00000012777 -3.80613548143e-008 -1.3391605091e-008 
0.399999989464 -1.35292851641e-008 -5.41390087788e-009 -9.9720875113e-009 1.13450700434e-008 4.06664640488e-009 -5.05063195076e-009 4.31747362958e-009 2.8295951123e-009 0 0 0 0.999999959552 -4.96806117489e-008 -2.32608168305e-008 
0.399999956993 -6.32734549482e-009 -3.60918939805e-009 1.57135080392e-008 4.62714505378e-009 3.35583807425e-009 8.68671660864e-009 3.68815019179e-009 6.16390770722e-010 0 0 0 0.999999820055 -3.48677393035e-008 -2.54767436652e-008 
0.399999950143 -9.47786384472e-011 -9.47786127661e-011 1.68756547159e-008 -1.63636739714e-009 1.35205431042e-009 1.68756546754e-008 1.35205430561e-009 -1.63636740464e-009 0 0 0 0.999999725544 -2.82491024357e-008 -2.82491022464e-008 
0.399999953403 7.25968583771e-010 2.20728066854e-009 6.25177518199e-009 -3.58658065025e-009 2.11165580788e-010 1.90524331366e-008 1.04331279408e-010 -2.89557561222e-009 0 0 0 0.999999657725 -1.50295521675e-008 -3.39517255056e-008 
0.399999953403 -7.25968561149e-010 2.20728067635e-009 -6.25177519087e-009 -3.58658064581e-009 -2.11165591545e-010 1.90524331353e-008 -1.04331293926e-010 -2.89557558879e-009 0 0 0 0.999999657725 1.50295520569e-008 -3.39517254805e-008 
0.399999950143 9.47785998029e-011 -9.47786089831e-011 -1.68756546892e-008 -1.63636737049e-009 -1.35205429371e-009 1.68756546457e-008 -1.35205429791e-009 -1.63636737565e-009 0 0 0 0.999999725544 2.82491023393e-008 -2.82491021615e-008 
0.399999956993 6.32734550016e-009 -3.6091894007e-009 -1.57135080392e-008 4.6271450449e-009 -3.35583806711e-009 8.68671659987e-009 -3.68815019183e-009 6.16390794146e-010 0 0 0 0.999999820055 3.48677394347e-008 -2.5476743521e-008 
0.399999989464 1.35292851817e-008 -5.41390087515e-009 9.9720875113e-009 1.13450700967e-008 -4.06664640384e-009 -5.05063194942e-009 -4.31747362744e-009 2.82959514144e-009 0 0 0 0.999999959552 4.9680611706e-008 -2.32608166229e-008 
0.400000036396 1.08512026625e-008 -3.49605528308e-009 4.90695010091e-008 8.5333651878e-009 -1.89552120447e-009 -1.60025428026e-008 -1.62945592846e-009 3.66663582469e-009 0 0 0 1.00000012777 3.80613549154e-008 -1.33916050505e-008 
0.400000059388 -1.19991443816e-009 -7.77777768974e-012 6.53094106595e-008 -2.90621482435e-009 1.14707084904e-009 -1.6681667365e-008 1.67097350614e-009 2.82900404754e-009 0 0 0 1.00000020816 -4.26569586642e-009 -2.92556671621e-010 
0.400000043367 -8.41190291936e-009 1.60757616967e-009 4.52839403486e-008 -9.208963343e-009 2.16174032385e-009 -9.79324750437e-009 2.38477967912e-009 1.36678756854e-009 0 0 0 1.00000015189 -2.94690073535e-008 5.57382931098e-009 
0.40000001592 -5.70071117487e-009 1.13277557518e-009 1.62977895801e-008 -5.90884272178e-009 1.31535865283e-009 -3.34531975214e-009 1.20592118089e-009 3.83493634178e-010 0 0 0 1.00000005575 -1.99606026989e-008 3.95626575739e-009 
0.400000002131 -1.29276104158e-009 3.62825406927e-010 2.16446376822e-009 -1.31505899059e-009 4.10178088367e-010 -6.4179630763e-010 2.7285020748e-010 4.78660136102e-011 0 0 0 1.00000000747 -4.52675427781e-009 1.26914404041e-009 
0.399999999848 4.76305590825e-011 6.61377501159e-011 -1.55663550938e-010 4.711918411e-011 8.17927223566e-011 -9.64369869728e-011 2.65135264869e-011 -1.77751108218e-014 0 0 0 0.999999999469 1.6631076922e-010 2.31713567419e-010 
0.399999999923 -1.32134564876e-011 2.67741037454e-011 3.2719205123e-011 2.56357157724e-012 -3.70509280287e-011 -4.48956538601e-011 -1.25581223518e-011 2.09212824836e-011 0 0 0 0.999999999728 -4.65617645407e-011 9.06221374127e-011 
0.400000002862 1.59404879533e-009 1.39302834299e-010 -3.04598895884e-009 -1.66878400432e-009 -1.65010857659e-010 -2.70968201552e-010 -1.11142746651e-010 1.41693734232e-010 0 0 0 1.00000001001 5.57726072624e-009 4.77970014999e-010 
0.400000018623 6.36338954037e-009 4.09364714136e-010 -1.95571231942e-008 -6.77373158897e-009 -4.94917085922e-010 -1.30928612081e-009 -4.56386809692e-010 7.05745447221e-010 0 0 0 1.00000006515 2.22626660069e-008 1.39831019168e-009 
0.400000047294 8.37606732898e-009 5.17103164285e-010 -5.07878446854e-008 -9.61693011448e-009 -7.51525047184e-010 -3.62418964589e-009 -8.36721414714e-010 1.97678773975e-009 0 0 0 1.0000001654 2.9272280123e-008 1.68997214192e-009 
0.400000059064 -7.28849189235e-010 -1.59692899309e-010 -6.80154569799e-008 -1.43206255743e-009 -2.83903452377e-010 -5.77221246648e-009 -4.526349661e-010 3.24482074858e-009 0 0 0 1.0000002061 -2.76650562554e-009 -9.56974749109e-010 
0.400000027609 -1.3160800628e-008 -1.3623717609e-009 -4.39833166088e-008 1.09273645466e-008 8.23813141799e-010 -4.85535973191e-009 8.08727904308e-010 2.97335760471e-009 0 0 0 1.00000009348 -4.72022136876e-008 -6.0191120947e-009 
0.399999977375 -1.33844582435e-008 -1.73128287939e-009 -1.06739077577e-010 1.20596694364e-008 1.40193466601e-009 -4.49312591041e-010 1.62868173505e-009 7.26916605606e-010 0 0 0 0.999999904876 -5.27443898145e-008 -9.67799251969e-009 
0.39999995109 -3.86493749233e-009 -6.97861379765e-010 2.29302623067e-008 3.39262637983e-009 8.79196475896e-010 4.18961362562e-009 1.1448042945e-009 -1.99498516026e-009 0 0 0 0.999999763089 -3.53633198378e-008 -1.14469645734e-008 
0.399999953403 2.20728062831e-009 7.25968563411e-010 1.90524331756e-008 -2.89557559263e-009 1.04331273882e-010 6.25177515686e-009 2.11165579829e-010 -3.58658064276e-009 0 0 0 0.999999657725 -3.39517257103e-008 -1.50295522921e-008 
0.399999961931 1.52274027674e-009 1.52274025118e-009 6.31265793194e-009 -3.99271864904e-009 -8.78166473938e-011 6.31265792097e-009 -8.78166490996e-011 -3.99271862978e-009 0 0 0 0.999999568712 -1.96503916743e-008 -1.96503918125e-008 
0.399999961931 -1.52274024115e-009 1.52274024976e-009 -6.31265796525e-009 -3.99271860463e-009 8.78166508327e-011 6.31265791846e-009 8.78166620484e-011 -3.99271862762e-009 0 0 0 0.999999568712 1.9650391711e-008 -1.96503916679e-008 
0.399999953403 -2.20728068148e-009 7.25968562128e-010 -1.90524331489e-008 -2.89557556155e-009 -1.04331292022e-010 6.25177518459e-009 -2.11165589471e-010 -3.58658061619e-009 0 0 0 0.999999657725 3.3951725598e-008 -1.50295521153e-008 
0.39999995109 3.86493748391e-009 -6.9786138029e-010 -2.293026232e-008 3.39262635318e-009 -8.79196491979e-010 4.18961361872e-009 -1.14480430336e-009 -1.99498518262e-009 0 0 0 0.999999763089 3.53633199426e-008 -1.14469644309e-008 
0.399999977375 1.33844582716e-008 -1.73128288065e-009 1.06739050931e-010 1.20596695075e-008 -1.40193467411e-009 -4.49312636801e-010 -1.62868172621e-009 7.26916604769e-010 0 0 0 0.999999904876 5.27443896782e-008 -9.67799250141e-009 
0.400000027609 1.31608006047e-008 -1.36237177953e-009 4.39833167376e-008 1.09273645466e-008 -8.23813132931e-010 -4.85535972785e-009 -8.08727893288e-010 2.97335758459e-009 0 0 0 1.00000009348 4.7202213684e-008 -6.01911215505e-009 
0.400000059064 7.28849164364e-010 -1.59692914166e-010 6.80154571331e-008 -1.4320624997e-009 2.83903472916e-010 -5.77221244594e-009 4.52634943033e-010 3.24482072996e-009 0 0 0 1.0000002061 2.76650562507e-009 -9.56974742712e-010 
0.400000047294 -8.37606737731e-009 5.17103170242e-010 5.0787844903e-008 -9.61693002122e-009 7.51525056373e-010 -3.6241896337e-009 8.36721444413e-010 1.97678771104e-009 0 0 0 1.0000001654 -2.9272280191e-008 1.68997225752e-009 
0.400000018623 -6.36338960343e-009 4.09364654943e-010 1.95571235406e-008 -6.77373158009e-009 4.94917075588e-010 -1.30928606552e-009 4.56386792382e-010 7.05745408488e-010 0 0 0 1.00000006515 -2.22626662034e-008 1.39831026931e-009 
0.400000002862 -1.5940488295e-009 1.39302792929e-010 3.04598942291e-009 -1.66878399543e-009 1.65010842527e-010 -2.70968211921e-010 1.11142724329e-010 1.41693705512e-010 0 0 0 1.00000001001 -5.5772610363e-009 4.77970000205e-010 
0.399999999923 1.32134599154e-011 2.67740549339e-011 -3.27188254268e-011 2.56352716832e-012 3.70508949402e-011 -4.48957317796e-011 1.25581097054e-011 2.09212411352e-011 0 0 0 0.999999999728 4.65618926423e-011 9.06219670478e-011 
0.399999999923 -1.32135037233e-011 -2.67740383414e-011 3.27195737171e-011 2.56343835048e-012 3.70510990945e-011 4.4895225314e-011 1.25581811002e-011 2.09213801833e-011 0 0 0 0.999999999728 -4.65618898655e-011 -9.06220464053e-011 
0.400000002862 1.59404879046e-009 -1.39302814879e-010 -3.04598887668e-009 -1.66878407093e-009 1.65010924689e-010 2.7096794081e-010 1.1114276532e-010 1.41693729491e-010 0 0 0 1.00000001001 5.57726071697e-009 -4.77970011832e-010 
0.400000018623 6.36338953772e-009 -4.09364676938e-010 -1.95571231854e-008 -6.77373157565e-009 4.94917097199e-010 1.30928589423e-009 4.56386826374e-010 7.05745409027e-010 0 0 0 1.00000006515 2.22626660099e-008 -1.39831027632e-009 
0.400000047294 8.37606733081e-009 -5.1710315234e-010 -5.07878446498e-008 -9.61693009227e-009 7.51525068454e-010 3.62418952704e-009 8.36721447493e-010 1.97678772474e-009 0 0 0 1.0000001654 2.92722800834e-008 -1.68997221163e-009 
0.400000059064 -7.28849200684e-010 1.59692913923e-010 -6.80154569621e-008 -1.43206253078e-009 2.83903462911e-010 5.7722124038e-009 4.52634965606e-010 3.24482077896e-009 0 0 0 1.0000002061 -2.76650568243e-009 9.56974614852e-010 
0.400000027609 -1.316080062e-008 1.36237175682e-009 -4.39833165844e-008 1.09273645243e-008 -8.23813130319e-010 4.85535968727e-009 -8.08727906339e-010 2.97335755275e-009 0 0 0 1.00000009348 -4.72022136462e-008 6.01911198155e-009 
0.399999977375 -1.33844582397e-008 1.73128286412e-009 -1.06739073136e-010 1.20596694408e-008 -1.40193466363e-009 4.49312625072e-010 -1.6286816983e-009 7.26916579897e-010 0 0 0 0.999999904876 -5.27443898635e-008 9.67799234222e-009 
0.39999995109 -3.86493747758e-009 6.97861351877e-010 2.29302623067e-008 3.39262637983e-009 -8.7919647611e-010 -4.18961355119e-009 -1.14480429915e-009 -1.99498516082e-009 0 0 0 0.999999763089 -3.53633197821e-008 1.14469642814e-008 
0.399999953403 2.20728063485e-009 -7.25968566431e-010 1.90524331689e-008 -2.89557558375e-009 -1.04331278491e-010 -6.25177513908e-009 -2.11165597615e-010 -3.58658058498e-009 0 0 0 0.999999657725 -3.39517256807e-008 1.50295521291e-008 
0.399999961931 1.52274026283e-009 -1.52274027587e-009 6.31265795858e-009 -3.99271859575e-009 8.78166629587e-011 -6.3126579143e-009 8.78166453956e-011 -3.99271860601e-009 0 0 0 0.999999568712 -1.96503915731e-008 1.9650391776e-008 
0.399999961931 -1.5227402357e-009 -1.52274027206e-009 -6.31265794748e-009 -3.9927186446e-009 -8.78166450972e-011 -6.31265792301e-009 -8.78166553216e-011 -3.99271861994e-009 0 0 0 0.999999568712 1.9650391823e-008 1.9650391857e-008 
0.399999953403 -2.20728067067e-009 -7.25968553204e-010 -1.90524331956e-008 -2.89557558819e-009 1.04331273903e-010 -6.25177516021e-009 2.11165592833e-010 -3.58658064979e-009 0 0 0 0.999999657725 3.3951725473e-008 1.50295522469e-008 
0.39999995109 3.86493747656e-009 6.97861387853e-010 -2.29302623067e-008 3.39262637539e-009 8.79196491038e-010 -4.18961360746e-009 1.14480429884e-009 -1.99498518414e-009 0 0 0 0.999999763089 3.53633198674e-008 1.14469644115e-008 
0.399999977375 1.33844582567e-008 1.73128287985e-009 1.06739073136e-010 1.20596694542e-008 1.40193466842e-009 4.49312609193e-010 1.62868172294e-009 7.26916605502e-010 0 0 0 0.999999904876 5.2744389822e-008 9.67799248988e-009 
0.400000027609 1.31608006108e-008 1.36237175917e-009 4.39833166554e-008 1.0927364551e-008 8.2381311495e-010 4.85535970763e-009 8.08727893574e-010 2.97335754492e-009 0 0 0 1.00000009348 4.72022136443e-008 6.01911219349e-009 
0.400000059064 7.28849171378e-010 1.59692931958e-010 6.80154571309e-008 -1.43206251302e-009 -2.8390347892e-010 5.77221236828e-009 -4.5263497689e-010 3.24482072944e-009 0 0 0 1.0000002061 2.76650562392e-009 9.56974739261e-010 
0.400000047294 -8.37606739657e-009 -5.17103156164e-010 5.07878449207e-008 -9.61693007895e-009 -7.51525053679e-010 3.62418950543e-009 -8.36721445387e-010 1.97678770353e-009 0 0 0 1.0000001654 -2.92722802314e-008 -1.689972241e-009 
0.400000018623 -6.36338961014e-009 -4.09364660269e-010 1.95571235206e-008 -6.77373160229e-009 -4.94917103197e-010 1.30928590383e-009 -4.56386813587e-010 7.05745415242e-010 0 0 0 1.00000006515 -2.22626661553e-008 -1.39831022361e-009 
0.400000002862 -1.59404881268e-009 -1.39302760256e-010 3.04598923861e-009 -1.66878406205e-009 -1.65010948623e-010 2.7096787378e-010 -1.111427981e-010 1.41693742588e-010 0 0 0 1.00000001001 -5.57726104124e-009 -4.77969886104e-010 
0.399999999923 1.32135121867e-011 -2.6773999913e-011 -3.27192517524e-011 2.56343390959e-012 -3.70511176814e-011 4.48950381545e-011 -1.25582127008e-011 2.09213263307e-011 0 0 0 0.999999999728 4.65619157845e-011 -9.0621886147e-011 
0.399999999848 -4.76306168681e-011 -6.61377669076e-011 1.55664516832e-010 4.7119019797e-011 8.17926301834e-011 9.64368518367e-011 2.65135451688e-011 -1.76925096314e-014 0 0 0 0.999999999469 -1.66310838524e-010 -2.31713451825e-010 
0.400000002131 1.29276099453e-009 -3.62825413001e-010 -2.16446315093e-009 -1.31505907941e-009 4.10178047121e-010 6.41796160801e-010 2.72850209499e-010 4.78660670576e-011 0 0 0 1.00000000747 4.52675402461e-009 -1.2691440629e-009 
0.40000001592 5.70071114283e-009 -1.13277557452e-009 -1.6297789176e-008 -5.90884276175e-009 1.3153586673e-009 3.34531965305e-009 1.20592120114e-009 3.83493661946e-010 0 0 0 1.00000005575 1.99606025595e-008 -3.95626568925e-009 
0.400000043367 8.4119028899e-009 -1.60757615925e-009 -4.52839400977e-008 -9.20896341405e-009 2.16174032496e-009 9.79324746347e-009 2.3847796993e-009 1.36678761215e-009 0 0 0 1.00000015189 2.94690071832e-008 -5.57382934177e-009 
0.400000059388 1.19991437996e-009 7.77778112737e-012 -6.53094105107e-008 -2.90621487764e-009 1.14707083299e-009 1.66816673689e-008 1.67097350347e-009 2.82900405578e-009 0 0 0 1.00000020816 4.26569567491e-009 2.92556627865e-010 
0.400000036396 -1.08512026718e-008 3.4960553174e-009 -4.90695009359e-008 8.5333651878e-009 -1.89552123723e-009 1.60025427611e-008 -1.6294559442e-009 3.66663585246e-009 0 0 0 1.00000012777 -3.80613548488e-008 1.3391605093e-008 
0.399999989464 -1.35292851815e-008 5.41390088322e-009 -9.97208749132e-009 1.13450700745e-008 -4.06664640732e-009 5.05063192022e-009 -4.31747360304e-009 2.82959514727e-009 0 0 0 0.999999959552 -4.96806118573e-008 2.32608167281e-008 
0.399999956993 -6.32734548877e-009 3.60918938446e-009 1.57135080459e-008 4.6271450671e-009 -3.35583807386e-009 -8.68671654389e-009 -3.68815017778e-009 6.16390799678e-010 0 0 0 0.999999820055 -3.48677392577e-008 2.54767434973e-008 
0.399999950143 -9.47786148403e-011 9.47786023207e-011 1.6875654687e-008 -1.63636736605e-009 -1.35205430951e-009 -1.68756545873e-008 -1.35205431623e-009 -1.63636735662e-009 0 0 0 0.999999725544 -2.82491021945e-008 2.8249102079e-008 
0.399999953403 7.25968551831e-010 -2.20728066433e-009 6.25177522862e-009 -3.58658063693e-009 -2.11165579583e-010 -1.90524331082e-008 -1.04331290148e-010 -2.89557559704e-009 0 0 0 0.999999657725 -1.50295519952e-008 3.39517254859e-008 
0.399999953403 -7.25968527808e-010 -2.20728067587e-009 -6.25177517977e-009 -3.58658068578e-009 2.11165587953e-010 -1.90524331436e-008 1.04331269528e-010 -2.8955755859e-009 0 0 0 0.999999657725 1.50295521945e-008 3.39517254114e-008 
0.399999950143 9.47786287611e-011 9.47786111255e-011 -1.68756547492e-008 -1.63636736161e-009 1.35205430462e-009 -1.68756547023e-008 1.35205430787e-009 -1.63636737741e-009 0 0 0 0.999999725544 2.82491021677e-008 2.82491020925e-008 
0.399999956993 6.32734549012e-009 3.6091893922e-009 -1.57135080503e-008 4.62714506266e-009 3.35583807286e-009 -8.68671660488e-009 3.68815020783e-009 6.16390763125e-010 0 0 0 0.999999820055 3.48677393348e-008 2.54767435086e-008 
0.399999989464 1.35292851669e-008 5.41390088892e-009 9.97208751574e-009 1.13450700745e-008 4.06664639909e-009 5.05063194656e-009 4.31747361732e-009 2.82959512274e-009 0 0 0 0.999999959552 4.96806118412e-008 2.32608167243e-008 
0.400000036396 1.08512026788e-008 3.49605529625e-009 4.90695009669e-008 8.53336518336e-009 1.89552122706e-009 1.60025427719e-008 1.62945593681e-009 3.66663587854e-009 0 0 0 1.00000012777 3.80613547813e-008 1.33916049459e-008 
0.400000059388 -1.19991440561e-009 7.77779458786e-012 6.53094106573e-008 -2.90621481103e-009 -1.1470708334e-009 1.66816674024e-008 -1.67097349556e-009 2.8290040871e-009 0 0 0 1.00000020816 -4.26569586807e-009 2.92556505218e-010 
0.400000043367 -8.41190295679e-009 -1.60757614486e-009 4.52839404042e-008 -9.20896340517e-009 -2.161740338e-009 9.79324751963e-009 -2.38477968991e-009 1.36678759151e-009 0 0 0 1.00000015189 -2.94690072874e-008 -5.5738294363e-009 
0.40000001592 -5.70071117584e-009 -1.13277553969e-009 1.62977894558e-008 -5.90884280172e-009 -1.31535867738e-009 3.3453196934e-009 -1.20592121434e-009 3.83493642871e-010 0 0 0 1.00000005575 -1.9960602593e-008 -3.95626571024e-009 
0.400000002131 -1.29276100646e-009 -3.62825358257e-010 2.16446339296e-009 -1.31505910606e-009 -4.10178081117e-010 6.41796117503e-010 -2.7285023384e-010 4.78660749967e-011 0 0 0 1.00000000747 -4.52675436599e-009 -1.2691440147e-009 
0.399999999848 4.76306165948e-011 -6.61377115873e-011 -1.55664223733e-010 4.71190375606e-011 -8.17926268461e-011 9.64367529792e-011 -2.6513556115e-011 -1.75643374701e-014 0 0 0 0.999999999469 1.66310850838e-010 -2.31713499871e-010 
0.399999999749 -9.40153795863e-011 -7.07140911087e-011 2.92171884464e-010 1.03757362702e-010 7.56391209647e-011 6.56576104599e-011 1.64867820449e-011 -2.30355778885e-011 0 0 0 0.999999999121 -3.29013791793e-010 -2.48961261356e-010 
0.400000000988 7.99087010395e-010 -4.45020530379e-010 -8.62868680951e-010 -7.58564886461e-010 4.72917103942e-010 6.19719535101e-010 2.9029361563e-010 -7.30389207876e-011 0 0 0 1.00000000346 2.79736395822e-009 -1.56278823212e-009 
0.400000011242 4.45260704536e-009 -1.57497390754e-009 -1.09122300351e-008 -4.37803181264e-009 1.72620088378e-009 3.92476677453e-009 1.52156395131e-009 -1.00459876383e-010 0 0 0 1.00000003936 1.55885484518e-008 -5.53228029672e-009 
0.400000035468 8.02488521072e-009 -2.72771331194e-009 -3.50748296341e-008 -8.09626055975e-009 3.29952313538e-009 1.29283934393e-008 3.46917752193e-009 2.61237250772e-010 0 0 0 1.00000012421 2.811337326e-008 -9.61358664272e-009 
0.400000057135 4.14221840394e-009 -1.32959419134e-009 -5.79319366523e-008 -4.84646740517e-009 2.78488354539e-009 2.49367431856e-008 3.42148066232e-009 1.57547989709e-009 0 0 0 1.00000020033 1.46239805145e-008 -4.83407037766e-009 
0.4000000495 -6.15757201895e-009 3.55801479353e-009 -5.44679576153e-008 4.35297251133e-009 -9.73944985698e-010 2.9359683433e-008 -4.45113047123e-010 3.7666815471e-009 0 0 0 1.00000017466 -2.11313005752e-008 1.21510649091e-008 
0.400000013446 -1.19235481278e-008 8.30614142977e-009 -2.63487905561e-008 9.13521102319e-009 -4.97901160564e-009 1.90162078549e-008 -4.91877567024e-009 5.6143873811e-009 0 0 0 1.00000005018 -4.13977467021e-008 2.93645840715e-008 
0.399999976662 -8.97836726814e-009 8.97836728111e-009 -2.56322962855e-011 5.84623955469e-009 -5.74603582671e-009 2.5632314413e-011 -5.7460358201e-009 5.84623952631e-009 0 0 0 0.999999916228 -3.53782250504e-008 3.53782252104e-008 
0.399999956993 -3.60918941719e-009 6.32734550167e-009 8.68671665932e-009 6.16390805064e-010 -3.68815018552e-009 -1.57135079784e-008 -3.35583806458e-009 4.62714505506e-009 0 0 0 0.999999820055 -2.54767436442e-008 3.48677394677e-008 
0.39999995109 -6.97861380163e-010 3.86493748958e-009 4.18961364268e-009 -1.99498517706e-009 -1.14480431434e-009 -2.29302622473e-008 -8.79196489468e-010 3.39262636797e-009 0 0 0 0.999999763089 -1.1446964213e-008 3.536331993e-008 
0.39999995109 6.97861396794e-010 3.86493748548e-009 -4.1896136338e-009 -1.9949851815e-009 1.14480428847e-009 -2.29302623026e-008 8.79196457062e-010 3.39262633e-009 0 0 0 0.999999763089 1.14469643204e-008 3.53633198303e-008 
0.399999956993 3.60918940851e-009 6.3273454902e-009 -8.68671667043e-009 6.16390782859e-010 3.68815019661e-009 -1.57135080788e-008 3.35583808408e-009 4.62714503971e-009 0 0 0 0.999999820055 2.54767434812e-008 3.48677391056e-008 
0.399999976662 8.9783672751e-009 8.97836726843e-009 2.56323073877e-011 5.84623958133e-009 5.74603583941e-009 2.56323158145e-011 5.74603584647e-009 5.84623955217e-009 0 0 0 0.999999916228 3.53782251282e-008 3.53782248162e-008 
0.400000013446 1.19235480974e-008 8.30614141388e-009 2.63487905938e-008 9.13521102319e-009 4.97901161586e-009 1.90162079219e-008 4.91877566865e-009 5.61438740046e-009 0 0 0 1.00000005018 4.13977467025e-008 2.93645837116e-008 
0.4000000495 6.15757201217e-009 3.55801478012e-009 5.44679576509e-008 4.3529725513e-009 9.73944987474e-010 2.93596835004e-008 4.45113048557e-010 3.76668157618e-009 0 0 0 1.00000017466 2.11313005015e-008 1.21510647104e-008 
0.400000057135 -4.14221842862e-009 -1.32959422829e-009 5.79319367655e-008 -4.84646736965e-009 -2.78488355404e-009 2.49367432881e-008 -3.42148065722e-009 1.57547987398e-009 0 0 0 1.00000020033 -1.46239806343e-008 -4.83407041612e-009 
0.400000035468 -8.02488523268e-009 -2.72771333804e-009 3.50748299072e-008 -8.09626053755e-009 -3.29952312341e-009 1.29283935131e-008 -3.46917754256e-009 2.61237265692e-010 0 0 0 1.00000012421 -2.81133732815e-008 -9.61358652695e-009 
0.400000011242 -4.45260707442e-009 -1.57497392928e-009 1.09122303416e-008 -4.37803177711e-009 -1.72620087433e-009 3.92476680179e-009 -1.52156394819e-009 -1.00459860908e-010 0 0 0 1.00000003936 -1.55885485361e-008 -5.53228031507e-009 
0.400000000988 -7.99087012704e-010 -4.45020541291e-010 8.62868951845e-010 -7.58564953074e-010 -4.72917042862e-010 6.19719602489e-010 -2.90293588628e-010 -7.30389208655e-011 0 0 0 1.00000000346 -2.79736416375e-009 -1.56278811547e-009 
0.399999999749 9.40153866317e-011 -7.07140854244e-011 -2.92171524752e-010 1.03757407111e-010 -7.56390879049e-011 6.56577846661e-011 -1.64867596879e-011 -2.30355397438e-011 0 0 0 0.999999999121 3.29013803865e-010 -2.48961021268e-010 
0.399999999701 -1.20988386422e-010 -3.64872390464e-011 3.31033154222e-010 1.31493798072e-010 2.85592307851e-011 -2.18469065066e-011 -1.03948040497e-011 -2.50146570136e-011 0 0 0 0.999999998952 -4.23621175756e-010 -1.26765128605e-010 
0.399999999922 2.89921312726e-010 -3.51843202591e-010 2.35425310358e-010 -2.25221112871e-010 3.40235770141e-010 2.53387029438e-010 1.68610780737e-010 -1.30001790109e-010 0 0 0 0.999999999722 1.01385993254e-009 -1.22931629636e-009 
0.400000005939 2.84750435045e-009 -1.56040533192e-009 -5.24066236407e-009 -2.58342667259e-009 1.57822259995e-009 2.91513990006e-009 1.30279028448e-009 -4.7304517291e-010 0 0 0 1.00000002078 9.96338897305e-009 -5.45752307039e-009 
0.400000024368 6.6932695644e-009 -3.45903375595e-009 -2.22255781468e-008 -6.09317510669e-009 3.70752785669e-009 1.18814525779e-008 3.65635140815e-009 -9.39142896514e-010 0 0 0 1.00000008526 2.34213057468e-008 -1.2108981528e-008 
0.400000048548 6.42173958161e-009 -3.60848770101e-009 -4.42524890132e-008 -5.78106764682e-009 4.62098214792e-009 2.72432240788e-008 4.97737404994e-009 -6.48715094365e-010 0 0 0 1.0000001699 2.24958456837e-008 -1.26893783865e-008 
0.400000057814 -1.68926951101e-010 4.05879423574e-010 -5.25674717955e-008 1.17603704553e-013 2.15585846847e-009 4.00860515702e-008 2.51246387153e-009 1.51666205079e-009 0 0 0 1.00000020271 -3.82549465422e-010 1.13864498044e-009 
0.400000042011 -6.97522657057e-009 6.97522656887e-009 -3.97811575548e-008 5.36143302199e-009 -2.2532105115e-009 3.97811575295e-008 -2.2532105088e-009 5.36143303461e-009 0 0 0 1.000000149 -2.37389690221e-008 2.37389690612e-008 
0.400000013446 -8.30614142162e-009 1.19235481167e-008 -1.90162078439e-008 5.61438740387e-009 -4.91877567246e-009 2.63487905123e-008 -4.97901160732e-009 9.13521102178e-009 0 0 0 1.00000005018 -2.93645838995e-008 4.13977467322e-008 
0.399999989464 -5.41390088284e-009 1.35292851832e-008 -5.05063186829e-009 2.82959515818e-009 -4.31747361511e-009 9.97208745991e-009 -4.06664639313e-009 1.13450700384e-008 0 0 0 0.999999959552 -2.3260816711e-008 4.96806119674e-008 
0.399999977375 -1.73128287316e-009 1.33844582838e-008 -4.49312582695e-010 7.26916562499e-010 -1.62868171004e-009 1.06739037659e-010 -1.40193467043e-009 1.2059669442e-008 0 0 0 0.999999904876 -9.67799223378e-009 5.27443900794e-008 
0.399999977375 1.73128288022e-009 1.33844582778e-008 4.49312540507e-010 7.26916584703e-010 1.62868171367e-009 1.06739047586e-010 1.40193467621e-009 1.20596694783e-008 0 0 0 0.999999904876 9.67799217487e-009 5.27443900842e-008 
0.399999989464 5.41390090368e-009 1.35292851858e-008 5.05063187273e-009 2.82959516706e-009 4.31747362261e-009 9.97208749976e-009 4.06664639742e-009 1.13450700947e-008 0 0 0 0.999999959552 2.32608165496e-008 4.96806119251e-008 
0.400000013446 8.30614140891e-009 1.19235481212e-008 1.90162079239e-008 5.61438740387e-009 4.91877568586e-009 2.63487905851e-008 4.97901161938e-009 9.13521100245e-009 0 0 0 1.00000005018 2.93645840559e-008 4.13977468475e-008 
0.400000042011 6.97522654683e-009 6.97522655723e-009 3.97811576125e-008 5.3614329687e-009 2.25321051301e-009 3.97811576559e-008 2.25321052857e-009 5.36143299177e-009 0 0 0 1.000000149 2.37389691239e-008 2.37389693018e-008 
0.400000057814 1.68926961476e-010 4.05879426751e-010 5.2567471831e-008 1.17603704553e-013 -2.15585845703e-009 4.00860516722e-008 -2.51246388123e-009 1.51666208039e-009 0 0 0 1.00000020271 3.82549405336e-010 1.1386451364e-009 
0.400000048548 -6.42173964688e-009 -3.60848769371e-009 4.42524891309e-008 -5.78106760685e-009 -4.62098212941e-009 2.72432241447e-008 -4.97737406157e-009 -6.4871509517e-010 0 0 0 1.0000001699 -2.24958457342e-008 -1.26893783536e-008 
0.400000024368 -6.69326959357e-009 -3.45903377967e-009 2.22255784466e-008 -6.09317510225e-009 -3.70752786563e-009 1.1881452632e-008 -3.65635142019e-009 -9.39142911342e-010 0 0 0 1.00000008526 -2.34213058231e-008 -1.21089816119e-008 
0.400000005939 -2.84750436489e-009 -1.56040535491e-009 5.240662726e-009 -2.5834266193e-009 -1.57822257544e-009 2.91513997697e-009 -1.30279025748e-009 -4.7304515614e-010 0 0 0 1.00000002078 -9.96338910314e-009 -5.45752311599e-009 
0.399999999922 -2.89921318458e-010 -3.51843222557e-010 -2.35424897355e-010 -2.25221117311e-010 -3.4023575472e-010 2.53387191494e-010 -1.68610776105e-010 -1.30001748069e-010 0 0 0 0.999999999722 -1.01386011135e-009 -1.22931641917e-009 
0.399999999701 1.20988420722e-010 -3.64872903681e-011 -3.31032738998e-010 1.31493802513e-010 -2.85592090436e-011 -2.18466666877e-011 1.03948289315e-011 -2.50146275337e-011 0 0 0 0.999999998952 4.23621191766e-010 -1.26765419817e-010 
0.399999999753 -1.08233150494e-010 1.39682064981e-011 2.40208715141e-010 1.10429732025e-010 -2.36902186042e-011 -8.54388648725e-011 -3.16825876458e-011 -2.171200996e-012 0 0 0 0.999999999135 -3.78782453785e-010 4.87485215401e-011 
0.399999999354 -6.21839451911e-011 -1.38557511516e-010 6.99087068234e-010 9.80857528532e-011 1.04795369272e-010 -1.55909684636e-010 3.4516767707e-012 -7.83311003836e-011 0 0 0 0.99999999774 -2.17642430954e-010 -4.84748703353e-010 
0.400000001626 1.30103683693e-009 -1.05445799006e-009 -1.12096948834e-009 -1.0494638758e-009 9.475840318e-010 1.10678129567e-009 7.19479135143e-010 -4.89797516549e-010 0 0 0 1.00000000569 4.55279364815e-009 -3.68829069207e-009 
0.40000001256 4.43354403244e-009 -3.17273261443e-009 -1.02902279031e-008 -3.59804222416e-009 2.96632075903e-009 7.39861855914e-009 2.79067013665e-009 -1.51414326011e-009 0 0 0 1.00000004395 1.55116818377e-008 -1.10949122362e-008 
0.400000032975 6.50291470408e-009 -5.17341660026e-009 -2.66101300817e-008 -4.9245232514e-009 5.07762767609e-009 2.15899011166e-008 5.11608879905e-009 -2.69394094663e-009 0 0 0 1.00000011536 2.27436913654e-008 -1.80864789131e-008 
0.400000052138 4.35219199417e-009 -4.35219198097e-009 -3.97841476518e-008 -2.56777915819e-009 5.07490966132e-009 3.97841476308e-008 5.07490966797e-009 -2.5677791457e-009 0 0 0 1.00000018239 1.52450444258e-008 -1.52450444441e-008 
0.400000057814 -4.05879433133e-010 1.68926942525e-010 -4.00860515826e-008 1.51666208037e-009 2.51246387582e-009 5.25674718097e-008 2.15585848128e-009 1.17622236506e-013 0 0 0 1.00000020271 -1.13864491238e-009 3.82549443581e-010 
0.4000000495 -3.55801479237e-009 6.1575719818e-009 -2.93596833911e-008 3.76668157998e-009 -4.45113036236e-010 5.44679576428e-008 -9.7394499039e-010 4.35297255397e-009 0 0 0 1.00000017466 -1.21510648281e-008 2.11313004969e-008 
0.400000036396 -3.49605529234e-009 1.08512026621e-008 -1.60025427309e-008 3.66663583051e-009 -1.62945595982e-009 4.90695009342e-008 -1.89552124918e-009 8.53336520567e-009 0 0 0 1.00000012777 -1.33916050602e-008 3.80613546424e-008 
0.400000027609 -1.36237176125e-009 1.31608006043e-008 -4.85535966988e-009 2.97335755128e-009 -8.08727903287e-010 4.39833165571e-008 -8.23813129542e-010 1.09273645509e-008 0 0 0 1.00000009348 -6.01911189466e-009 4.72022132858e-008 
0.400000027609 1.36237176009e-009 1.31608006024e-008 4.85535966988e-009 2.97335751576e-009 8.08727921505e-010 4.39833166097e-008 8.23813151278e-010 1.09273645366e-008 0 0 0 1.00000009348 6.01911188544e-009 4.72022133895e-008 
0.400000036396 3.49605532143e-009 1.08512026618e-008 1.6002542762e-008 3.66663587936e-009 1.62945595181e-009 4.90695009968e-008 1.89552123093e-009 8.5333651825e-009 0 0 0 1.00000012777 1.33916048548e-008 3.80613547396e-008 
0.4000000495 3.55801479082e-009 6.15757199959e-009 2.93596834999e-008 3.76668155777e-009 4.45113055886e-010 5.44679576952e-008 9.73945001945e-010 4.35297254907e-009 0 0 0 1.00000017466 1.2151065137e-008 2.11313006414e-008 
0.400000057814 4.05879415139e-010 1.68926967269e-010 4.00860516447e-008 1.51666205817e-009 -2.51246386885e-009 5.25674718829e-008 -2.15585846573e-009 1.17586459839e-013 0 0 0 1.00000020271 1.13864506581e-009 3.82549525788e-010 
0.400000052138 -4.35219200759e-009 -4.35219198041e-009 3.9784147714e-008 -2.56777913599e-009 -5.07490967255e-009 3.97841476966e-008 -5.0749096948e-009 -2.56777916904e-009 0 0 0 1.00000018239 -1.52450446168e-008 -1.5245044429e-008 
0.400000032975 -6.50291471918e-009 -5.17341658288e-009 2.66101302282e-008 -4.92452320255e-009 -5.07762767529e-009 2.15899011392e-008 -5.11608879643e-009 -2.69394099999e-009 0 0 0 1.00000011536 -2.27436914772e-008 -1.80864789521e-008 
0.40000001256 -4.43354407519e-009 -3.1727325614e-009 1.0290228174e-008 -3.59804221084e-009 -2.96632074753e-009 7.39861857686e-009 -2.79067013676e-009 -1.51414328514e-009 0 0 0 1.00000004395 -1.55116819697e-008 -1.10949123365e-008 
0.400000001626 -1.30103688741e-009 -1.05445797232e-009 1.12096990135e-009 -1.04946380031e-009 -9.47584036355e-010 1.1067813381e-009 -7.19479133543e-010 -4.89797558455e-010 0 0 0 1.00000000569 -4.55279371127e-009 -3.68829075521e-009 
0.399999999354 6.218390873e-011 -1.3855754484e-010 -6.99086628586e-010 9.80857040034e-011 -1.04795370006e-010 -1.55909617796e-010 -3.45167259167e-012 -7.83311898019e-011 0 0 0 0.99999999774 2.17642114223e-010 -4.84748928404e-010 
0.399999999753 1.08233125082e-010 1.39681429953e-011 -2.40208148927e-010 1.1042985637e-010 2.36902593009e-011 -8.54387920304e-011 3.16825949007e-011 -2.17132096004e-012 0 0 0 0.999999999135 3.78782266868e-010 4.87481604053e-011 
0.399999999881 -6.37825442909e-011 3.92495435324e-011 9.45001032981e-011 5.82263526283e-011 -3.87838902197e-011 -6.99939617381e-011 -3.01427070621e-011 1.85788140428e-011 0 0 0 0.999999999583 -2.23218476625e-010 1.37307985583e-010 
0.399999999382 -1.79543426047e-010 4.70609513303e-011 5.62793005532e-010 1.71172001018e-010 -6.23053238288e-011 -3.01724334491e-010 -8.93064206196e-011 1.75189211278e-011 0 0 0 0.999999997838 -6.28290601688e-010 1.64445961744e-010 
0.399999999412 2.53280428037e-010 -3.54586348244e-010 6.42167556908e-010 -1.51407815174e-010 2.56411148028e-010 -2.5618590926e-010 1.52649854477e-010 -2.01098030009e-010 0 0 0 0.999999997944 8.86849732267e-010 -1.24170099097e-009 
0.400000003625 2.04122153583e-009 -1.85592376073e-009 -2.56273493315e-009 -1.46733329043e-009 1.49397659473e-009 2.38007927246e-009 1.38802362232e-009 -1.10132982352e-009 0 0 0 1.00000001269 7.14397130044e-009 -6.49570825407e-009 
0.400000015566 4.41401576032e-009 -4.41401576447e-009 -1.11182678908e-008 -2.91439415712e-009 3.54947019188e-009 1.1118267948e-008 3.54947019279e-009 -2.91439409538e-009 0 0 0 1.00000005447 1.54427772513e-008 -1.54427773791e-008 
0.400000032975 5.17341658174e-009 -6.50291473001e-009 -2.15899011136e-008 -2.69394095032e-009 5.1160888225e-009 2.66101301618e-008 5.07762767449e-009 -4.92452321496e-009 0 0 0 1.00000011536 1.80864788598e-008 -2.2743691612e-008 
0.400000048548 3.60848766795e-009 -6.421739636e-009 -2.72432240056e-008 -6.48715077212e-010 4.97737409084e-009 4.42524891159e-008 4.62098215517e-009 -5.7810675912e-009 0 0 0 1.0000001699 1.26893785605e-008 -2.24958458266e-008 
0.400000057135 1.32959419614e-009 -4.14221845391e-009 -2.4936743146e-008 1.57547987989e-009 3.42148065238e-009 5.79319367768e-008 2.78488354846e-009 -4.84646737487e-009 0 0 0 1.00000020033 4.83407034864e-009 -1.46239806633e-008 
0.400000059388 -7.77779278584e-012 -1.19991443842e-009 -1.66816673874e-008 2.82900405324e-009 1.67097349552e-009 6.53094106649e-008 1.14707082915e-009 -2.90621480705e-009 0 0 0 1.00000020816 -2.92556719536e-010 -4.26569587195e-009 
0.400000059064 -1.5969292015e-010 7.28849147676e-010 -5.77221240583e-009 3.24482073655e-009 4.52634963665e-010 6.80154571019e-008 2.83903464776e-010 -1.43206245425e-009 0 0 0 1.0000002061 -9.56974612915e-010 2.76650558148e-009 
0.400000059064 1.59692931196e-010 7.28849161143e-010 5.77221241027e-009 3.24482071878e-009 -4.52634977353e-010 6.80154571044e-008 -2.83903465481e-010 -1.43206249093e-009 0 0 0 1.0000002061 9.56974672195e-010 2.76650548204e-009 
0.400000059388 7.77779990768e-012 -1.19991442956e-009 1.66816673675e-008 2.82900407989e-009 -1.67097349361e-009 6.53094106542e-008 -1.14707083274e-009 -2.90621482625e-009 0 0 0 1.00000020816 2.92556536578e-010 -4.26569589667e-009 
0.400000057135 -1.32959418806e-009 -4.14221846565e-009 2.49367432792e-008 1.57547987101e-009 -3.42148066486e-009 5.79319367743e-008 -2.78488355736e-009 -4.84646738622e-009 0 0 0 1.00000020033 -4.83407016478e-009 -1.46239807617e-008 
0.400000048548 -3.60848768524e-009 -6.42173964433e-009 2.724322411e-008 -6.48715134943e-010 -4.97737407188e-009 4.42524890964e-008 -4.62098214843e-009 -5.78106765977e-009 0 0 0 1.0000001699 -1.26893783837e-008 -2.24958459503e-008 
0.400000032975 -5.17341659943e-009 -6.50291470292e-009 2.15899011602e-008 -2.69394096808e-009 -5.11608881204e-009 2.66101301241e-008 -5.07762769026e-009 -4.92452323821e-009 0 0 0 1.00000011536 -1.80864790079e-008 -2.27436915064e-008 
0.400000015566 -4.4140157833e-009 -4.41401575054e-009 1.11182680107e-008 -2.91439409938e-009 -3.5494702077e-009 1.11182678886e-008 -3.54947020408e-009 -2.91439411025e-009 0 0 0 1.00000005447 -1.54427773768e-008 -1.54427772818e-008 
0.400000003625 -2.04122156457e-009 -1.85592376727e-009 2.56273522625e-009 -1.46733328155e-009 -1.49397660602e-009 2.38007917182e-009 -1.38802363575e-009 -1.10132982067e-009 0 0 0 1.00000001269 -7.14397140937e-009 -6.49570818351e-009 
0.399999999412 -2.53280482295e-010 -3.54586332979e-010 -6.42167186093e-010 -1.5140779297e-010 -2.5641115469e-010 -2.56186071043e-010 -1.52649874651e-010 -2.0109808698e-010 0 0 0 0.999999997944 -8.86849826375e-010 -1.24170090893e-009 
0.399999999382 1.79543389599e-010 4.7060991012e-011 -5.62792559222e-010 1.71172054308e-010 6.2305322441e-011 -3.01724518769e-010 8.93064284803e-011 1.75188703127e-011 0 0 0 0.999999997838 6.28290391956e-010 1.64446105222e-010 
0.399999999881 6.37825179539e-011 3.9249614861e-011 -9.4499430503e-011 5.82264503279e-011 3.8783910212e-011 -6.99941456296e-011 3.01427145106e-011 1.85788123116e-011 0 0 0 0.999999999583 2.23218168969e-010 1.37308439794e-010 
0.399999999993 -1.86158134413e-011 2.5009828033e-011 -2.38811637132e-012 1.27926336191e-011 -1.97788030703e-011 -1.30761845799e-011 -1.25974345978e-011 1.48899337301e-011 0 0 0 0.999999999976 -6.51591041697e-011 8.75643595576e-011 
0.399999999713 -1.27124042687e-010 9.30245476607e-011 2.24873835108e-010 1.03007034014e-010 -8.33702336123e-011 -1.78899478863e-010 -7.82227695994e-011 5.45974566746e-011 0 0 0 0.999999998995 -4.44944504857e-010 3.25622870998e-010 
0.399999999131 -1.46816397621e-010 8.51927945832e-011 6.96277762113e-010 1.27946648831e-010 -9.30959444455e-011 -5.64217984221e-010 -1.10006581395e-010 5.91216123986e-011 0 0 0 0.999999996958 -5.1374198735e-010 2.98117626763e-010 
0.399999999565 4.63408728957e-010 -4.6340874872e-010 3.76671576152e-010 -2.88206876142e-010 3.03892634084e-010 -3.76671340255e-010 3.03892645256e-010 -2.88206811789e-010 0 0 0 0.999999998477 1.62227931882e-009 -1.62227942272e-009 
0.400000003625 1.85592376358e-009 -2.04122156577e-009 -2.38007922038e-009 -1.10132981845e-009 1.38802362056e-009 2.56273517906e-009 1.49397658402e-009 -1.46733325104e-009 0 0 0 1.00000001269 6.49570808512e-009 -7.14397144859e-009 
0.40000001256 3.17273255209e-009 -4.43354406817e-009 -7.39861848453e-009 -1.51414325522e-009 2.79067014305e-009 1.02902281386e-008 2.96632077704e-009 -3.59804221608e-009 0 0 0 1.00000004395 1.10949120843e-008 -1.55116820035e-008 
0.400000024368 3.45903374708e-009 -6.693269608e-009 -1.1881452453e-008 -9.39142896783e-010 3.65635141969e-009 2.22255784817e-008 3.70752788151e-009 -6.09317502556e-009 0 0 0 1.00000008526 1.21089817272e-008 -2.342130607e-008 
0.400000035468 2.72771331485e-009 -8.02488526343e-009 -1.29283933581e-008 2.61237245169e-010 3.46917754974e-009 3.50748299981e-008 3.29952312385e-009 -8.09626045082e-009 0 0 0 1.00000012421 9.61358657721e-009 -2.81133735439e-008 
0.400000043367 1.60757614947e-009 -8.41190291731e-009 -9.79324748185e-009 1.36678754981e-009 2.38477969242e-009 4.52839404722e-008 2.16174035419e-009 -9.20896332593e-009 0 0 0 1.00000015189 5.57382940776e-009 -2.94690072382e-008 
0.400000047294 5.17103173947e-010 -8.37606736103e-009 -3.62418961508e-009 1.97678770242e-009 8.36721416482e-010 5.07878450437e-008 7.51525042868e-010 -9.61693003474e-009 0 0 0 1.0000001654 1.68997229508e-009 -2.92722800525e-008 
0.400000047294 -5.17103146305e-010 -8.37606736358e-009 3.62418952182e-009 1.97678771574e-009 -8.3672146332e-010 5.07878449437e-008 -7.51525094475e-010 -9.61693007174e-009 0 0 0 1.0000001654 -1.68997236651e-009 -2.92722801365e-008 
0.400000043367 -1.60757613945e-009 -8.41190291855e-009 9.79324750183e-009 1.36678761198e-009 -2.38477969654e-009 4.52839403242e-008 -2.16174034103e-009 -9.20896339793e-009 0 0 0 1.00000015189 -5.57382939994e-009 -2.94690072649e-008 
0.400000035468 -2.72771331341e-009 -8.02488523161e-009 1.2928393498e-008 2.61237236288e-010 -3.46917753679e-009 3.50748298222e-008 -3.2995231384e-009 -8.09626055413e-009 0 0 0 1.00000012421 -9.61358644725e-009 -2.81133733238e-008 
0.400000024368 -3.4590337378e-009 -6.69326957954e-009 1.18814525529e-008 -9.39142918988e-010 -3.656351407e-009 2.22255782914e-008 -3.70752787691e-009 -6.09317511885e-009 0 0 0 1.00000008526 -1.21089814855e-008 -2.34213058004e-008 
0.40000001256 -3.17273256968e-009 -4.4335440465e-009 7.39861850452e-009 -1.51414327743e-009 -2.79067018337e-009 1.02902279871e-008 -2.96632077729e-009 -3.59804226767e-009 0 0 0 1.00000004395 -1.10949122091e-008 -1.55116818402e-008 
0.400000003625 -1.85592377678e-009 -2.04122152851e-009 2.38007922926e-009 -1.10132979625e-009 -1.38802366466e-009 2.56273496799e-009 -1.49397660952e-009 -1.46733334759e-009 0 0 0 1.00000001269 -6.49570825054e-009 -7.14397126698e-009 
0.399999999565 -4.63408736548e-010 -4.63408695054e-010 -3.76671369651e-010 -2.88206853938e-010 -3.03892668432e-010 -3.76671649635e-010 -3.03892664114e-010 -2.88206904804e-010 0 0 0 0.999999998477 -1.62227942101e-009 -1.62227930525e-009 
0.399999999131 1.4681637807e-010 8.5192868716e-011 -6.96277435708e-010 1.27946653272e-010 9.30959307476e-011 -5.64218336979e-010 1.1000657502e-010 5.91215508853e-011 0 0 0 0.999999996958 5.13741964084e-010 2.9811786707e-010 
0.399999999713 1.27124012591e-010 9.30246392067e-011 -2.24873382138e-010 1.03007082863e-010 8.33702393531e-011 -1.78899858726e-010 7.82227658278e-011 5.4597375904e-011 0 0 0 0.999999998995 4.44944343686e-010 3.25623117112e-010 
0.399999999993 1.86157677455e-011 2.50098930409e-011 2.38886688209e-012 1.27927224369e-011 1.97788242913e-011 -1.30765158025e-011 1.25974486916e-011 1.48898813093e-011 0 0 0 0.999999999976 6.51588624313e-011 8.75645179413e-011 
0.400000000029 3.62483324836e-012 1.44314410099e-012 -2.34670571864e-011 -5.33286748094e-012 -3.30252908718e-013 1.63188818013e-011 1.18459785949e-012 6.25424156942e-013 0 0 0 1.0000000001 1.26873912577e-011 5.04521872036e-012 
0.399999999968 -4.07798177252e-011 4.18066874513e-011 1.73634218115e-011 2.80601009095e-011 -3.17315875374e-011 -2.34084980336e-011 -2.73679988649e-011 2.64551149115e-011 0 0 0 0.999999999889 -1.42739236145e-010 1.4632067463e-010 
0.399999999627 -1.35956825354e-010 1.35956759143e-010 2.63337842643e-010 9.6307575248e-011 -1.03727220614e-010 -2.63337418608e-010 -1.03727229589e-010 9.63076420819e-011 0 0 0 0.999999998693 -4.75838289923e-010 4.75838032213e-010 
0.399999999131 -8.51928473729e-011 1.46816311163e-010 5.64218221033e-010 5.91215343348e-011 -1.10006570379e-010 -6.96277327048e-010 -9.30959267659e-011 1.27946678044e-010 0 0 0 0.999999996958 -2.98117879597e-010 5.13741676934e-010 
0.399999999412 3.54586347109e-010 -2.53280557405e-010 2.56185996861e-010 -2.0109803156e-010 1.52649877789e-010 -6.421670878e-010 2.56411145126e-010 -1.51407743746e-010 0 0 0 0.999999997944 1.24170088874e-009 -8.86850149502e-010 
0.400000001626 1.05445794422e-009 -1.30103694346e-009 -1.10678117338e-009 -4.89797495895e-010 7.19479161573e-010 1.12097004616e-009 9.47584068383e-010 -1.04946378296e-009 0 0 0 1.00000000569 3.68829058115e-009 -4.55279383406e-009 
0.400000005939 1.56040531448e-009 -2.84750441413e-009 -2.91513974071e-009 -4.73045149718e-010 1.3027902828e-009 5.24066296289e-009 1.57822259764e-009 -2.58342657409e-009 0 0 0 1.00000002078 5.45752315915e-009 -9.96338908756e-009 
0.400000011242 1.5749739425e-009 -4.45260709531e-009 -3.92476663169e-009 -1.00459902619e-010 1.5215639505e-009 1.09122306226e-008 1.72620087299e-009 -4.37803173549e-009 0 0 0 1.00000003936 5.53228037015e-009 -1.55885485696e-008 
0.40000001592 1.13277557367e-009 -5.70071120131e-009 -3.34531971236e-009 3.83493610201e-010 1.20592119384e-009 1.62977897577e-008 1.31535868566e-009 -5.90884271276e-009 0 0 0 1.00000005575 3.95626595452e-009 -1.99606026682e-008 
0.400000018623 4.09364681921e-010 -6.36338960782e-009 -1.30928609732e-009 7.05745391016e-010 4.56386788226e-010 1.95571237528e-008 4.94917063426e-010 -6.77373152786e-009 0 0 0 1.00000006515 1.39831029857e-009 -2.2262666112e-008 
0.400000018623 -4.09364672829e-010 -6.36338958356e-009 1.3092858131e-009 7.05745413221e-010 -4.56386852745e-010 1.9557123613e-008 -4.94917144597e-010 -6.77373158352e-009 0 0 0 1.00000006515 -1.3983104503e-009 -2.22626660882e-008 
0.40000001592 -1.13277552275e-009 -5.70071114748e-009 3.34531962576e-009 3.83493645728e-010 -1.20592124095e-009 1.6297789467e-008 -1.31535868838e-009 -5.90884275719e-009 0 0 0 1.00000005575 -3.95626566138e-009 -1.99606025081e-008 
0.400000011242 -1.57497390919e-009 -4.45260704413e-009 3.92476673161e-009 -1.0045985821e-010 -1.52156397206e-009 1.09122302922e-008 -1.72620088989e-009 -4.37803176855e-009 0 0 0 1.00000003936 -5.53228017111e-009 -1.5588548311e-008 
0.400000005939 -1.56040531226e-009 -2.84750433958e-009 2.91513985395e-009 -4.73045189686e-010 -1.30279030535e-009 5.24066259882e-009 -1.57822260076e-009 -2.58342664675e-009 0 0 0 1.00000002078 -5.4575230525e-009 -9.96338885406e-009 
0.400000001626 -1.05445795156e-009 -1.30103684198e-009 1.10678113785e-009 -4.897975181e-010 -7.19479146995e-010 1.12096962137e-009 -9.47584086903e-010 -1.04946383223e-009 0 0 0 1.00000000569 -3.68829062809e-009 -4.55279355555e-009 
0.399999999412 -3.5458634711e-010 -2.53280441435e-010 -2.56186076797e-010 -2.01098013797e-010 -1.52649882711e-010 -6.42167537754e-010 -2.56411151053e-010 -1.51407780761e-010 0 0 0 0.999999997944 -1.24170105543e-009 -8.8684976021e-010 
0.399999999131 8.5192833327e-011 1.46816409084e-010 -5.64218074484e-010 5.91216142709e-011 1.10006568123e-010 -6.96277811542e-010 9.30959209916e-011 1.27946638357e-010 0 0 0 0.999999996958 2.98117674938e-010 5.1374196219e-010 
0.399999999627 1.35956803804e-010 1.35956826414e-010 -2.6333757841e-010 9.63076329796e-011 1.03727204555e-010 -2.63337944389e-010 1.03727215992e-010 9.63075993725e-011 0 0 0 0.999999998693 4.75838373778e-010 4.75838279907e-010 
0.399999999968 4.07797894306e-011 4.18067318924e-011 -1.73629843836e-011 2.80601586411e-011 3.17315783326e-011 -2.34090782825e-011 2.73679851308e-011 2.6454998469e-011 0 0 0 0.999999999889 1.42739133642e-010 1.46320918135e-010 
0.400000000029 -3.62493959547e-012 1.4431683686e-012 2.34678232403e-011 -5.33275645864e-012 3.30230478077e-013 1.63182969445e-011 -1.1845851021e-012 6.25351408459e-013 0 0 0 1.0000000001 -1.26879257883e-011 5.04531993812e-012 
0.400000000015 5.53530485859e-012 -5.36232309586e-012 -1.07753650447e-011 -4.698019751e-012 3.80490724391e-012 1.03253694483e-011 3.68785195256e-012 -3.91624510598e-012 0 0 0 1.00000000005 1.93743907461e-011 -1.87666468446e-011 
0.400000000033 6.73478978894e-013 -6.73577647739e-013 -2.44923525905e-011 -1.5846479684e-012 1.10174156621e-012 2.44930462593e-011 1.10172790893e-012 -1.584531352e-012 0 0 0 1.00000000012 2.35332476417e-012 -2.35374123021e-012 
0.399999999968 -4.18067432085e-011 4.07797448652e-011 2.34089547746e-011 2.64550603646e-011 -2.73679841807e-011 -1.73627714735e-011 -3.1731614257e-011 2.8060187293e-011 0 0 0 0.999999999889 -1.46320822906e-010 1.42738946306e-010 
0.399999999713 -9.30246442106e-011 1.27123962033e-010 1.78899777215e-010 5.4597397714e-011 -7.82227467121e-011 -2.24873129335e-010 -8.33701761321e-011 1.03007158096e-010 0 0 0 0.999999998995 -3.25623102742e-010 4.449442536e-010 
0.399999999382 -4.70609940909e-011 1.79543311063e-010 3.01724507601e-010 1.75189285301e-011 -8.93064016161e-011 -5.62792243737e-010 -6.23053532189e-011 1.71172102245e-010 0 0 0 0.999999997838 -1.64446119421e-010 6.28290366649e-010 
0.399999999354 1.38557530561e-010 6.21838329652e-011 1.55909849475e-010 -7.83311282504e-011 3.45168101885e-012 -6.9908632067e-010 1.04795389804e-010 9.80857422843e-011 0 0 0 0.99999999774 4.84748853987e-010 2.17642105692e-010 
0.399999999922 3.5184321876e-010 -2.89921392916e-010 -2.53386873705e-010 -1.30001751586e-010 1.68610787786e-010 -2.35424536823e-010 3.40235774419e-010 -2.25221064968e-010 0 0 0 0.999999999722 1.22931644794e-009 -1.01386016536e-009 
0.400000000988 4.45020551439e-010 -7.99087060688e-010 -6.19719380257e-010 -7.3038943782e-011 2.90293619242e-010 8.62869409103e-010 4.72917081132e-010 -7.58564840952e-010 0 0 0 1.00000000346 1.56278813667e-009 -2.7973642023e-009 
0.400000002131 3.6282537871e-010 -1.29276108032e-009 -6.41796162881e-010 4.78660089342e-011 2.72850241513e-010 2.16446395188e-009 4.1017812977e-010 -1.31505897797e-009 0 0 0 1.00000000747 1.26914425019e-009 -4.52675440973e-009 
0.400000002862 1.39302823391e-010 -1.59404887489e-009 -2.70968243399e-010 1.41693643485e-010 1.11142729869e-010 3.04598969663e-009 1.65010841764e-010 -1.66878394626e-009 0 0 0 1.00000001001 4.77970006718e-010 -5.57726118356e-009 
0.400000002862 -1.39302746435e-010 -1.5940488655e-009 2.7096769939e-010 1.41693745626e-010 -1.11142814519e-010 3.04598947277e-009 -1.65010978794e-010 -1.66878398113e-009 0 0 0 1.00000001001 -4.77969988069e-010 -5.57726113498e-009 
0.400000002131 -3.62825336861e-010 -1.29276101957e-009 6.41795936396e-010 4.78660666658e-011 -2.72850266794e-010 2.16446352593e-009 -4.10178116045e-010 -1.31505907315e-009 0 0 0 1.00000000747 -1.26914389181e-009 -4.5267542237e-009 
0.400000000988 -4.45020515674e-010 -7.99087016848e-010 6.19719413564e-010 -7.30389082548e-011 -2.90293644172e-010 8.62868954161e-010 -4.72917113344e-010 -7.58564914184e-010 0 0 0 1.00000000346 -1.56278787882e-009 -2.79736408543e-009 
0.399999999922 -3.51843207465e-010 -2.8992132466e-010 2.53386909232e-010 -1.30001778231e-010 -1.68610810607e-010 -2.3542509637e-010 -3.40235804339e-010 -2.25221145924e-010 0 0 0 0.999999999722 -1.22931644219e-009 -1.01386003971e-009 
0.399999999354 -1.38557503473e-010 6.21839164493e-011 -1.55909898325e-010 -7.83311593366e-011 -3.45170430822e-012 -6.99086970632e-010 -1.04795410539e-010 9.80856916159e-011 0 0 0 0.99999999774 -4.84748804961e-010 2.17642164713e-010 
0.399999999382 4.70609787874e-011 1.79543399399e-010 -3.01724558671e-010 1.75189551754e-011 8.93064211264e-011 -5.62792953569e-010 6.23053430167e-011 1.71172039081e-010 0 0 0 0.999999997838 1.64446083281e-010 6.28290470962e-010 
0.399999999713 9.30245905741e-011 1.27124034783e-010 -1.7889965509e-010 5.45974332411e-011 7.82227434935e-011 -2.24873787597e-010 8.33702039068e-011 1.03007036798e-010 0 0 0 0.999999998995 3.25622834913e-010 4.44944544385e-010 
0.399999999968 4.18067167425e-011 4.0779819108e-011 -2.34087349504e-011 2.64550781282e-011 2.73679640034e-011 -1.73635054851e-011 3.17315474571e-011 2.8060097261e-011 0 0 0 0.999999999889 1.46321010504e-010 1.4273928597e-010 
0.400000000033 -6.73544534693e-013 -6.73488529955e-013 2.44927211845e-011 -1.58451030075e-012 -1.10175680419e-012 2.44922263839e-011 -1.10173657861e-012 -1.58459864195e-012 0 0 0 1.00000000012 -2.35353305811e-012 -2.35336494191e-012 
0.400000000015 -5.53544434118e-012 -5.36224444572e-012 1.0776093351e-011 -4.69796201941e-012 -3.80492816152e-012 1.03245288125e-011 -3.68784498638e-012 -3.91630177396e-012 0 0 0 1.00000000005 -1.93750693349e-011 -1.87662700728e-011 
0.4 1.88734727214e-012 -1.88747472173e-012 -8.77697914348e-013 -1.09389830527e-012 1.38010134918e-012 8.78819239601e-013 1.38018304526e-012 -1.09376507851e-012 0 0 0 1 6.60634950454e-012 -6.60696612056e-012 
0.400000000015 5.36223221285e-012 -5.53548135278e-012 -1.03247366212e-011 -3.9163472465e-012 3.68780541984e-012 1.0776547048e-011 3.8048445843e-012 -4.69785613541e-012 0 0 0 1.00000000005 1.87662475106e-011 -1.93751349724e-011 
0.400000000029 -1.4431954453e-012 -3.62495927547e-012 -1.63184332713e-011 6.25441920477e-013 1.1845640964e-012 2.34679848992e-011 -3.30281494982e-013 -5.33278077697e-012 0 0 0 1.0000000001 -5.04533187351e-012 -1.26879556278e-011 
0.399999999993 -2.50099193065e-011 1.86156882673e-011 1.30765420714e-011 1.4889871558e-011 -1.2597425599e-011 2.38931528495e-012 -1.97786583386e-011 1.27927929727e-011 0 0 0 0.999999999976 -8.75645076814e-011 6.5158553564e-011 
0.399999999881 -3.9249594028e-011 6.37824486182e-011 6.99941460347e-011 1.85788673335e-011 -3.01427230394e-011 -9.44989299334e-011 -3.87840338604e-011 5.82264999384e-011 0 0 0 0.999999999583 -1.37308202862e-010 2.23218078769e-010 
0.399999999753 -1.39681537328e-011 1.08233087286e-010 8.54390269645e-011 -2.17126316926e-012 -3.16825949409e-011 -2.40207827615e-010 -2.36902216229e-011 1.10429793047e-010 0 0 0 0.999999999135 -4.87484115099e-011 3.78782183643e-010 
0.399999999701 3.64872864055e-011 1.20988349939e-010 2.18470508351e-011 -2.50145948399e-011 -1.03948028707e-011 -3.31032201527e-010 2.85592622409e-011 1.31493892292e-010 0 0 0 0.999999998952 1.26765358011e-010 4.23620833108e-010 
0.399999999749 7.07140491117e-011 9.40153448022e-011 -6.56573817537e-011 -2.30355823305e-011 1.64868093967e-011 -2.92170891792e-010 7.56391261103e-011 1.03757446368e-010 0 0 0 0.999999999121 2.48961047015e-010 3.29013554109e-010 
0.399999999848 6.61377250585e-011 4.76305397759e-011 -9.64367719014e-011 -1.77990955308e-014 2.65135423202e-011 -1.55663223369e-010 8.17927611825e-011 4.71192075569e-011 0 0 0 0.999999999469 2.31713627659e-010 1.66310484494e-010 
0.399999999923 2.67740661621e-011 1.32134428658e-011 -4.48957582222e-011 2.09211759028e-011 1.255809567e-011 -3.27183939089e-011 3.70509185543e-011 2.56359277412e-012 0 0 0 0.999999999728 9.06219529809e-011 4.65615674555e-011 
0.399999999923 -2.6773940111e-011 1.32134674266e-011 4.48947945486e-011 2.09212869251e-011 -1.25582319793e-011 -3.27188287243e-011 -3.70511633637e-011 2.56348996071e-012 0 0 0 0.999999999728 -9.06217012848e-011 4.65617174835e-011 
0.399999999848 -6.61376754216e-011 4.76305896456e-011 9.64364033074e-011 -1.76214598469e-014 -2.65136039857e-011 -1.55664059612e-010 -8.17927161842e-011 4.71190503782e-011 0 0 0 0.999999999469 -2.31713356158e-010 1.66310769116e-010 
0.399999999749 -7.07140575003e-011 9.40153722922e-011 6.56573995172e-011 -2.30355512443e-011 -1.6486821351e-011 -2.921715952e-010 -7.56391254908e-011 1.03757408748e-010 0 0 0 0.999999999121 -2.48960905338e-010 3.29013758528e-010 
0.399999999701 -3.64872241416e-011 1.20988403031e-010 -2.18471418734e-011 -2.50146525715e-011 1.03947750303e-011 -3.31032971488e-010 -2.85592660218e-011 1.31493833851e-010 0 0 0 0.999999998952 -1.26765321305e-010 4.23621138531e-010 
0.399999999753 1.39681908834e-011 1.08233137774e-010 -8.54391934979e-011 -2.17123208301e-012 3.16825553381e-011 -2.40208606294e-010 2.36901898337e-011 1.1042979148e-010 0 0 0 0.999999999135 4.87483086666e-011 3.78782346694e-010 
0.399999999881 3.92495763609e-011 6.37825281882e-011 -6.99941926641e-011 1.85788984197e-011 3.01427069271e-011 -9.44999376018e-011 3.8783954563e-011 5.82264087393e-011 0 0 0 0.999999999583 1.37308360102e-010 2.23218276678e-010 
0.399999999993 2.50098465327e-011 1.8615746248e-011 -1.30763955219e-011 1.48898893215e-011 1.25974386302e-011 2.38835675846e-012 1.97787666873e-011 1.27926945922e-011 0 0 0 0.999999999976 8.75643182349e-011 6.51588994148e-011 
0.400000000029 1.44318352751e-012 -3.62491960816e-012 1.63185687185e-011 6.25401952448e-013 -1.18459683594e-012 2.34671581511e-011 3.30223970472e-013 -5.33279221103e-012 0 0 0 1.0000000001 5.04542893868e-012 -1.2687689107e-011 
0.400000000015 -5.36229390239e-012 -5.53538099556e-012 1.03250585859e-011 -3.91620957885e-012 -3.68782473274e-012 1.07754669352e-011 -3.80488870463e-012 -4.69794552906e-012 0 0 0 1.00000000005 -1.87663605605e-011 -1.9374743855e-011 
0.4 -1.88748614337e-012 -1.88738461308e-012 8.78384032177e-013 -1.09383169189e-012 -1.38010282015e-012 8.77813526786e-013 -1.38012904445e-012 -1.09381750217e-012 0 0 0 1 -6.60697458387e-012 -6.60659477491e-012 
