$Nodes
70
169 0.1700000000000003 0.5
70 0.1700000000000003 -0.5
71 0.1800000000000003 -0.5
170 0.1800000000000003 0.5
72 0.1900000000000003 -0.5
171 0.1900000000000003 0.5
73 0.2000000000000003 -0.5
172 0.2000000000000003 0.5
74 0.2100000000000004 -0.5
173 0.2100000000000004 0.5
75 0.2200000000000004 -0.5
174 0.2200000000000004 0.5
76 0.2300000000000004 -0.5
175 0.2300000000000004 0.5
77 0.2400000000000004 -0.5
176 0.2400000000000004 0.5
78 0.2500000000000004 -0.5
177 0.2500000000000004 0.5
79 0.2600000000000004 -0.5
178 0.2600000000000004 0.5
80 0.2700000000000004 -0.5
179 0.2700000000000004 0.5
81 0.2800000000000004 -0.5
180 0.2800000000000004 0.5
82 0.2900000000000004 -0.5
181 0.2900000000000004 0.5
83 0.3000000000000004 -0.5
182 0.3000000000000004 0.5
84 0.3100000000000004 -0.5
183 0.3100000000000004 0.5
85 0.3200000000000005 -0.5
184 0.3200000000000005 0.5
86 0.3300000000000005 -0.5
185 0.3300000000000005 0.5
87 0.3400000000000005 -0.5
186 0.3400000000000005 0.5
88 0.3500000000000005 -0.5
187 0.3500000000000005 0.5
89 0.3600000000000005 -0.5
188 0.3600000000000005 0.5
90 0.3700000000000005 -0.5
189 0.3700000000000005 0.5
91 0.3800000000000005 -0.5
190 0.3800000000000005 0.5
92 0.3900000000000005 -0.5
191 0.3900000000000005 0.5
93 0.4000000000000005 -0.5
192 0.4000000000000005 0.5
94 0.4100000000000005 -0.5
193 0.4100000000000005 0.5
95 0.4200000000000005 -0.5
194 0.4200000000000005 0.5
96 0.4300000000000005 -0.5
195 0.4300000000000005 0.5
97 0.4400000000000006 -0.5
196 0.4400000000000006 0.5
98 0.4500000000000006 -0.5
197 0.4500000000000006 0.5
99 0.4600000000000006 -0.5
198 0.4600000000000006 0.5
100 0.4700000000000006 -0.5
199 0.4700000000000006 0.5
101 0.4800000000000006 -0.5
200 0.4800000000000006 0.5
102 0.4900000000000006 -0.5
201 0.4900000000000006 0.5
2 0.5 -0.5
3 0.5 0.5
168 0.1600000000000003 0.5
69 0.1600000000000003 -0.5
$EndNodes
$Edges
67
103
268 0 71 170
68 1 71 72
269 0 72 171
169 1 170 171
69 1 72 73
270 0 73 172
170 1 171 172
70 1 73 74
271 0 74 173
171 1 172 173
71 1 74 75
272 0 75 174
172 1 173 174
72 1 75 76
273 0 76 175
173 1 174 175
73 1 76 77
274 0 77 176
174 1 175 176
74 1 77 78
275 0 78 177
175 1 176 177
75 1 78 79
276 0 79 178
176 1 177 178
76 1 79 80
277 0 80 179
177 1 178 179
77 1 80 81
278 0 81 180
178 1 179 180
78 1 81 82
279 0 82 181
179 1 180 181
79 1 82 83
280 0 83 182
180 1 181 182
80 1 83 84
281 0 84 183
181 1 182 183
81 1 84 85
282 0 85 184
182 1 183 184
82 1 85 86
283 0 86 185
183 1 184 185
83 1 86 87
284 0 87 186
184 1 185 186
84 1 87 88
285 0 88 187
185 1 186 187
85 1 88 89
286 0 89 188
186 1 187 188
86 1 89 90
287 0 90 189
187 1 188 189
87 1 90 91
288 0 91 190
188 1 189 190
88 1 91 92
289 0 92 191
189 1 190 191
89 1 92 93
290 0 93 192
190 1 191 192
90 1 93 94
291 0 94 193
191 1 192 193
91 1 94 95
292 0 95 194
192 1 193 194
92 1 95 96
293 0 96 195
193 1 194 195
93 1 96 97
294 0 97 196
194 1 195 196
94 1 97 98
295 0 98 197
195 1 196 197
95 1 98 99
296 0 99 198
196 1 197 198
96 1 99 100
297 0 100 199
197 1 198 199
97 1 100 101
298 0 101 200
198 1 199 200
98 1 101 102
299 0 102 201
199 1 200 201
99 1 102 103
300 0 103 202
200 1 201 202
100 1 103 3
101 1 3 4
201 1 202 4
267 0 70 169
67 1 70 71
168 1 169 170
$EndEdges
$Cells
33
67 4 170 71 72 171 269 69 270 170 
68 4 171 72 73 172 270 70 271 171 
69 4 172 73 74 173 271 71 272 172 
70 4 173 74 75 174 272 72 273 173 
71 4 174 75 76 175 273 73 274 174 
72 4 175 76 77 176 274 74 275 175 
73 4 176 77 78 177 275 75 276 176 
74 4 177 78 79 178 276 76 277 177 
75 4 178 79 80 179 277 77 278 178 
76 4 179 80 81 180 278 78 279 179 
77 4 180 81 82 181 279 79 280 180 
78 4 181 82 83 182 280 80 281 181 
79 4 182 83 84 183 281 81 282 182 
80 4 183 84 85 184 282 82 283 183 
81 4 184 85 86 185 283 83 284 184 
82 4 185 86 87 186 284 84 285 185 
83 4 186 87 88 187 285 85 286 186 
84 4 187 88 89 188 286 86 287 187 
85 4 188 89 90 189 287 87 288 188 
86 4 189 90 91 190 288 88 289 189 
87 4 190 91 92 191 289 89 290 190 
88 4 191 92 93 192 290 90 291 191 
89 4 192 93 94 193 291 91 292 192 
90 4 193 94 95 194 292 92 293 193 
91 4 194 95 96 195 293 93 294 194 
92 4 195 96 97 196 294 94 295 195 
93 4 196 97 98 197 295 95 296 196 
94 4 197 98 99 198 296 96 297 197 
95 4 198 99 100 199 297 97 298 198 
96 4 199 100 101 200 298 98 299 199 
97 4 200 101 102 201 299 99 300 200 
98 4 201 102 103 202 300 100 301 201 
99 4 202 103 3 4 301 101 102 202 
$EndCells
$AlienCells
1
66 4 169 70 71 170 268 68 269 169 2 
$EndAlienCells
$AdjointCellsForEdges
103
2 67 68 
1 68 
2 68 69 
1 68 
1 69 
2 69 70 
1 69 
1 70 
2 70 71 
1 70 
1 71 
2 71 72 
1 71 
1 72 
2 72 73 
1 72 
1 73 
2 73 74 
1 73 
1 74 
2 74 75 
1 74 
1 75 
2 75 76 
1 75 
1 76 
2 76 77 
1 76 
1 77 
2 77 78 
1 77 
1 78 
2 78 79 
1 78 
1 79 
2 79 80 
1 79 
1 80 
2 80 81 
1 80 
1 81 
2 81 82 
1 81 
1 82 
2 82 83 
1 82 
1 83 
2 83 84 
1 83 
1 84 
2 84 85 
1 84 
1 85 
2 85 86 
1 85 
1 86 
2 86 87 
1 86 
1 87 
2 87 88 
1 87 
1 88 
2 88 89 
1 88 
1 89 
2 89 90 
1 89 
1 90 
2 90 91 
1 90 
1 91 
2 91 92 
1 91 
1 92 
2 92 93 
1 92 
1 93 
2 93 94 
1 93 
1 94 
2 94 95 
1 94 
1 95 
2 95 96 
1 95 
1 96 
2 96 97 
1 96 
1 97 
2 97 98 
1 97 
1 98 
2 98 99 
1 98 
1 99 
2 99 100 
1 99 
1 100 
1 100 
1 100 
2 66 67 
1 67 
1 67 
$EndAdjointCellsForEdges
$EdgeNormals
103
1 -0
0 -1
1 -0
-0 1
0 -1
1 -0
-0 1
0 -1
1 -0
-0 1
0 -1
1 -0
-0 1
0 -1
1 -0
-0 1
0 -1
1 -0
-0 1
0 -1
1 -0
-0 1
0 -1
1 -0
-0 1
0 -1
1 -0
-0 1
0 -1
1 -0
-0 1
0 -1
1 -0
-0 1
0 -1
1 -0
-0 1
0 -1
1 -0
-0 1
0 -1
1 -0
-0 1
0 -1
1 -0
-0 1
0 -1
1 -0
-0 1
0 -1
1 -0
-0 1
0 -1
1 -0
-0 1
0 -1
1 -0
-0 1
0 -1
1 -0
-0 1
0 -1
1 -0
-0 1
0 -1
1 -0
-0 1
0 -1
1 -0
-0 1
0 -1
1 -0
-0 1
0 -1
1 -0
-0 1
0 -1
1 -0
-0 1
0 -1
1 -0
-0 1
0 -1
1 -0
-0 1
0 -1
1 -0
-0 1
0 -1
1 -0
-0 1
0 -1
1 -0
-0 1
0 -1
1 -0
-0 1
0 -0.9999999999999999
1 -0
-0 0.9999999999999999
1 -0
0 -1
-0 1
$EndEdgeNormals
$Patches
2
Group_1
66
68
69
70
71
72
73
74
75
76
77
78
79
80
81
82
83
84
85
86
87
88
89
90
91
92
93
94
95
96
97
98
99
100
169
170
171
172
173
174
175
176
177
178
179
180
181
182
183
184
185
186
187
188
189
190
191
192
193
194
195
196
197
198
199
200
201
Group_2
1
101
$EndPatches
