0.8 -7.1054273576e-017 -7.1054273576e-017 0 0 0 0 0 0 0 0 0 2 -1.42108547152e-016 -1.42108547152e-016 
0.8 2.13162820728e-016 -7.1054273576e-017 0 0 0 0 0 0 0 0 0 2 5.68434188608e-016 -1.42108547152e-016 
0.8 0 -7.1054273576e-017 0 0 0 0 0 0 0 0 0 2 0 -1.42108547152e-016 
0.8 0 -7.1054273576e-017 0 0 0 0 0 0 0 0 0 2 0 -1.42108547152e-016 
0.8 3.5527136788e-017 -3.5527136788e-017 0 0 0 0 0 0 0 0 0 2 0 0 
0.8 -7.1054273576e-017 -3.5527136788e-017 0 0 0 0 0 0 0 0 0 2 7.1054273576e-017 0 
0.8 0 -7.1054273576e-017 0 0 0 0 0 0 0 0 0 2 0 -1.42108547152e-016 
0.8 0 -7.1054273576e-017 0 0 0 0 0 0 0 0 0 2 0 -1.42108547152e-016 
0.8 0 -7.1054273576e-017 0 0 0 0 0 0 0 0 0 2 0 -1.42108547152e-016 
0.8 0 -7.1054273576e-017 0 0 0 0 0 0 0 0 0 2 0 -1.42108547152e-016 
0.8 -7.1054273576e-017 2.13162820728e-016 0 0 0 0 0 0 0 0 0 2 -1.42108547152e-016 5.68434188608e-016 
0.8 2.13162820728e-016 2.13162820728e-016 0 0 0 0 0 0 0 0 0 2 5.68434188608e-016 5.68434188608e-016 
0.8 7.1054273576e-016 9.23705556488e-016 0 0 0 0 0 0 0 0 0 2 1.7763568394e-015 2.41584530158e-015 
0.8 5.06261699229e-014 6.26343421573e-014 0 0 0 0 0 0 0 0 0 2 1.2676082406e-013 1.56603618962e-013 
0.800000000001 1.83675297194e-013 5.13722397955e-013 0 0 0 0 0 0 0 0 0 2 4.59010607301e-013 1.28430599489e-012 
0.800000000001 -1.83639770057e-013 5.13722397955e-013 0 0 0 0 0 0 0 0 0 2 -4.59152715848e-013 1.28437704916e-012 
0.8 -5.06972241965e-014 6.26343421573e-014 0 0 0 0 0 0 0 0 0 2 -1.2676082406e-013 1.56603618962e-013 
0.8 -7.1054273576e-016 9.23705556488e-016 0 0 0 0 0 0 0 0 0 2 -1.70530256582e-015 2.41584530158e-015 
0.8 0 2.13162820728e-016 0 0 0 0 0 0 0 0 0 2 0 5.68434188608e-016 
0.8 0 2.13162820728e-016 0 0 0 0 0 0 0 0 0 2 0 5.68434188608e-016 
0.8 -7.1054273576e-017 0 0 0 0 0 0 0 0 0 0 2 -1.42108547152e-016 0 
0.8 9.23705556488e-016 7.1054273576e-016 0 0 0 0 0 0 0 0 0 2 2.41584530158e-015 1.70530256582e-015 
0.800000000001 7.31361637918e-013 7.31397165055e-013 0 0 0 0 0 0 0 0 0 2 1.82843962193e-012 1.82843962193e-012 
0.800000000066 5.34090460746e-011 6.32446628401e-011 0 0 0 0 0 0 0 0 0 2.00000000017 1.33522846113e-010 1.5811160381e-010 
0.800000000547 1.93448173036e-010 5.20616936228e-010 0 0 0 0 0 0 0 0 0 2.00000000137 4.83620539171e-010 1.30154248268e-009 
0.800000000547 -1.93448208563e-010 5.20616936228e-010 0 0 0 0 0 0 0 0 0 2.00000000137 -4.83620539171e-010 1.30154248268e-009 
0.800000000066 -5.34090460746e-011 6.32446628401e-011 0 0 0 0 0 0 0 0 0 2.00000000017 -1.33522775059e-010 1.5811160381e-010 
0.800000000001 -7.31397165055e-013 7.31397165055e-013 0 0 0 0 0 0 0 0 0 2 -1.82843962193e-012 1.82836856766e-012 
0.8 -7.1054273576e-016 7.1054273576e-016 0 0 0 0 0 0 0 0 0 2 -1.84741111298e-015 1.70530256582e-015 
0.8 0 0 0 0 0 0 0 0 0 0 0 2 0 0 
0.8 -7.1054273576e-017 0 0 0 0 0 0 0 0 0 0 2 -1.42108547152e-016 0 
0.8 6.26343421573e-014 5.06616970597e-014 0 0 0 0 0 0 0 0 0 2 1.56603618962e-013 1.2676082406e-013 
0.800000000066 6.32446983673e-011 5.34090816018e-011 0 0 0 0 0 0 0 0 0 2.00000000017 1.58111674864e-010 1.33522775059e-010 
0.800000005748 4.61850824252e-009 4.61850827804e-009 0 0 0 0 0 0 0 0 0 2.00000001437 1.15462707129e-008 1.15462707129e-008 
0.800000047314 1.67282913921e-008 3.80186164506e-008 0 0 0 0 0 0 0 0 0 2.00000011829 4.18207285691e-008 9.50465410199e-008 
0.800000047314 -1.67282914632e-008 3.80186164506e-008 0 0 0 0 0 0 0 0 0 2.00000011829 -4.18207287112e-008 9.50465409488e-008 
0.800000005748 -4.61850827804e-009 4.61850827804e-009 0 0 0 0 0 0 0 0 0 2.00000001437 -1.15462706418e-008 1.15462707129e-008 
0.800000000066 -6.32446628401e-011 5.34090460746e-011 0 0 0 0 0 0 0 0 0 2.00000000017 -1.58111532755e-010 1.33522704004e-010 
0.8 -6.23856521997e-014 5.06616970597e-014 0 0 0 0 0 0 0 0 0 2 -1.56035184773e-013 1.2676082406e-013 
0.8 0 0 0 0 0 0 0 0 0 0 0 2 0 0 
0.8 -3.5527136788e-017 3.5527136788e-017 0 0 0 0 0 0 0 0 0 2 0 0 
0.800000000001 5.13722397955e-013 1.83639770057e-013 0 0 0 0 0 0 0 0 0 2 1.28430599489e-012 4.59010607301e-013 
0.800000000547 5.20616900701e-010 1.93448208563e-010 0 0 0 0 0 0 0 0 0 2.00000000137 1.30154248268e-009 4.83620539171e-010 
0.800000047314 3.80186164506e-008 1.67282914276e-008 0 0 0 0 0 0 0 0 0 2.00000011829 9.50465410199e-008 4.18207285691e-008 
0.80000038948 1.3770387735e-007 1.3770387735e-007 0 0 0 0 0 0 0 0 0 2.0000009737 3.44259693463e-007 3.44259693463e-007 
0.80000038948 -1.37703877314e-007 1.37703877385e-007 0 0 0 0 0 0 0 0 0 2.0000009737 -3.44259693392e-007 3.44259693463e-007 
0.800000047314 -3.80186164506e-008 1.67282914276e-008 0 0 0 0 0 0 0 0 0 2.00000011829 -9.50465410909e-008 4.18207285691e-008 
0.800000000547 -5.20616971755e-010 1.9344824409e-010 0 0 0 0 0 0 0 0 0 2.00000000137 -1.30154241162e-009 4.83620539171e-010 
0.800000000001 -5.13509235134e-013 1.83639770057e-013 0 0 0 0 0 0 0 0 0 2 -1.28380861497e-012 4.59010607301e-013 
0.8 0 3.5527136788e-017 0 0 0 0 0 0 0 0 0 2 -1.42108547152e-016 0 
0.8 -3.5527136788e-017 -3.5527136788e-017 0 0 0 0 0 0 0 0 0 2 0 0 
0.800000000001 5.13722397955e-013 -1.8360424292e-013 0 0 0 0 0 0 0 0 0 2 1.28437704916e-012 -4.59081661575e-013 
0.800000000547 5.20616900701e-010 -1.9344824409e-010 0 0 0 0 0 0 0 0 0 2.00000000137 1.30154248268e-009 -4.83620539171e-010 
0.800000047314 3.80186164506e-008 -1.67282914276e-008 0 0 0 0 0 0 0 0 0 2.00000011829 9.50465408778e-008 -4.18207287112e-008 
0.80000038948 1.37703877385e-007 -1.3770387735e-007 0 0 0 0 0 0 0 0 0 2.0000009737 3.44259693534e-007 -3.44259693463e-007 
0.80000038948 -1.37703877314e-007 -1.3770387735e-007 0 0 0 0 0 0 0 0 0 2.0000009737 -3.44259693534e-007 -3.44259693463e-007 
0.800000047314 -3.80186164506e-008 -1.67282914276e-008 0 0 0 0 0 0 0 0 0 2.00000011829 -9.50465409488e-008 -4.18207287112e-008 
0.800000000547 -5.20616971755e-010 -1.9344824409e-010 0 0 0 0 0 0 0 0 0 2.00000000137 -1.30154234057e-009 -4.83620539171e-010 
0.800000000001 -5.13509235134e-013 -1.83639770057e-013 0 0 0 0 0 0 0 0 0 2 -1.2837375607e-012 -4.59081661575e-013 
0.8 0 -3.5527136788e-017 0 0 0 0 0 0 0 0 0 2 -1.42108547152e-016 0 
0.8 -7.1054273576e-017 0 0 0 0 0 0 0 0 0 0 2 -1.42108547152e-016 0 
0.8 6.26343421573e-014 -5.06972241965e-014 0 0 0 0 0 0 0 0 0 2 1.56603618962e-013 -1.2676082406e-013 
0.800000000066 6.32446983673e-011 -5.34090460746e-011 0 0 0 0 0 0 0 0 0 2.00000000017 1.58111674864e-010 -1.33522704004e-010 
0.800000005748 4.61850824252e-009 -4.61850827804e-009 0 0 0 0 0 0 0 0 0 2.00000001437 1.15462707129e-008 -1.15462707129e-008 
0.800000047314 1.67282913921e-008 -3.80186164506e-008 0 0 0 0 0 0 0 0 0 2.00000011829 4.18207285691e-008 -9.50465410909e-008 
0.800000047314 -1.67282914632e-008 -3.80186164506e-008 0 0 0 0 0 0 0 0 0 2.00000011829 -4.18207287112e-008 -9.50465410199e-008 
0.800000005748 -4.61850827804e-009 -4.61850827804e-009 0 0 0 0 0 0 0 0 0 2.00000001437 -1.15462706418e-008 -1.15462707129e-008 
0.800000000066 -6.32446628401e-011 -5.34090460746e-011 0 0 0 0 0 0 0 0 0 2.00000000017 -1.58111532755e-010 -1.33522704004e-010 
0.8 -6.23856521997e-014 -5.06616970597e-014 0 0 0 0 0 0 0 0 0 2 -1.56035184773e-013 -1.2676082406e-013 
0.8 0 0 0 0 0 0 0 0 0 0 0 2 0 0 
0.8 -7.1054273576e-017 0 0 0 0 0 0 0 0 0 0 2 -1.42108547152e-016 0 
0.8 9.23705556488e-016 -7.1054273576e-016 0 0 0 0 0 0 0 0 0 2 2.41584530158e-015 -1.70530256582e-015 
0.800000000001 7.31361637918e-013 -7.31397165055e-013 0 0 0 0 0 0 0 0 0 2 1.82829751338e-012 -1.82836856766e-012 
0.800000000066 5.34090816018e-011 -6.32446628401e-011 0 0 0 0 0 0 0 0 0 2.00000000017 1.33522704004e-010 -1.5811160381e-010 
0.800000000547 1.93448279617e-010 -5.20616936228e-010 0 0 0 0 0 0 0 0 0 2.00000000137 4.83620539171e-010 -1.30154241162e-009 
0.800000000547 -1.93448208563e-010 -5.20616936228e-010 0 0 0 0 0 0 0 0 0 2.00000000137 -4.83620468117e-010 -1.30154234057e-009 
0.800000000066 -5.34090460746e-011 -6.32446628401e-011 0 0 0 0 0 0 0 0 0 2.00000000017 -1.33522704004e-010 -1.5811160381e-010 
0.800000000001 -7.31397165055e-013 -7.31397165055e-013 0 0 0 0 0 0 0 0 0 2 -1.82836856766e-012 -1.82836856766e-012 
0.8 -7.1054273576e-016 -7.1054273576e-016 0 0 0 0 0 0 0 0 0 2 -1.84741111298e-015 -1.70530256582e-015 
0.8 0 0 0 0 0 0 0 0 0 0 0 2 0 0 
0.8 -7.1054273576e-017 0 0 0 0 0 0 0 0 0 0 2 -1.42108547152e-016 0 
0.8 2.13162820728e-016 0 0 0 0 0 0 0 0 0 0 2 5.68434188608e-016 0 
0.8 7.1054273576e-016 -7.1054273576e-016 0 0 0 0 0 0 0 0 0 2 1.63424829225e-015 -1.84741111298e-015 
0.8 5.06261699229e-014 -6.23856521997e-014 0 0 0 0 0 0 0 0 0 2 1.2676082406e-013 -1.56035184773e-013 
0.800000000001 1.83675297194e-013 -5.13544762271e-013 0 0 0 0 0 0 0 0 0 2 4.59010607301e-013 -1.2837375607e-012 
0.800000000001 -1.83639770057e-013 -5.13544762271e-013 0 0 0 0 0 0 0 0 0 2 -4.59010607301e-013 -1.2837375607e-012 
0.8 -5.06261699229e-014 -6.23856521997e-014 0 0 0 0 0 0 0 0 0 2 -1.2676082406e-013 -1.56035184773e-013 
0.8 -7.1054273576e-016 -7.1054273576e-016 0 0 0 0 0 0 0 0 0 2 -1.63424829225e-015 -1.84741111298e-015 
0.8 0 0 0 0 0 0 0 0 0 0 0 2 0 0 
0.8 0 0 0 0 0 0 0 0 0 0 0 2 0 0 
0.8 -7.1054273576e-017 0 0 0 0 0 0 0 0 0 0 2 -1.42108547152e-016 0 
0.8 2.13162820728e-016 0 0 0 0 0 0 0 0 0 0 2 5.68434188608e-016 0 
0.8 0 0 0 0 0 0 0 0 0 0 0 2 0 0 
0.8 0 0 0 0 0 0 0 0 0 0 0 2 0 0 
0.8 3.5527136788e-017 -3.5527136788e-017 0 0 0 0 0 0 0 0 0 2 0 -1.42108547152e-016 
0.8 0 -3.5527136788e-017 0 0 0 0 0 0 0 0 0 2 -7.1054273576e-017 -1.42108547152e-016 
0.8 0 0 0 0 0 0 0 0 0 0 0 2 0 0 
0.8 0 0 0 0 0 0 0 0 0 0 0 2 0 0 
0.8 0 0 0 0 0 0 0 0 0 0 0 2 0 0 
0.8 0 0 0 0 0 0 0 0 0 0 0 2 0 0 
