0.79999999888 -7.05816261319e-010 -7.05816203107e-010 8.05759121647e-010 5.43269811359e-010 4.54504392528e-010 8.05758975193e-010 4.5450436751e-010 5.43269811292e-010 0 0 0 1.9999999961 -2.43821338736e-009 -2.43821312068e-009 
0.799999996277 -3.40591061514e-010 -9.28469573237e-010 2.2210057038e-009 1.61709490243e-010 5.95325276021e-010 3.04262305725e-009 4.88265732723e-010 8.73198064194e-010 0 0 0 1.99999998701 -1.2244453819e-009 -3.20415341301e-009 
0.799999997639 1.67399061452e-009 8.44771807721e-010 2.67102295837e-010 -1.00497815403e-009 -3.33239695024e-010 3.17838840344e-009 -1.23349733523e-009 -6.0313597167e-010 0 0 0 1.99999999147 5.68114698551e-009 3.03698862734e-009 
0.800000002451 1.79845831437e-009 4.25660820605e-009 -2.00423131869e-009 -4.0214160002e-010 -1.12271903016e-009 -1.02275895926e-009 -1.91029450198e-009 -4.07597036208e-009 0 0 0 2.0000000095 7.36366365394e-009 1.52188409043e-008 
0.800000005784 5.96833400122e-010 6.93881127203e-009 -1.15330935913e-009 7.51841104929e-010 -6.0576595613e-010 -7.14805918678e-009 -1.78414225526e-009 -7.07388679438e-009 0 0 0 2.00000001983 -9.67588002631e-011 2.43268074384e-008 
0.800000005784 -5.96833414372e-010 6.93881121025e-009 1.15330946127e-009 7.51841104929e-010 6.05765986403e-010 -7.14805903107e-009 1.78414228721e-009 -7.07388693148e-009 0 0 0 2.00000001983 9.67587608252e-011 2.43268071891e-008 
0.800000002451 -1.79845835424e-009 4.25660816499e-009 2.00423139418e-009 -4.02141537847e-010 1.12271898056e-009 -1.02275894391e-009 1.91029440073e-009 -4.07597034656e-009 0 0 0 2.0000000095 -7.36366364679e-009 1.52188409652e-008 
0.799999997639 -1.67399060197e-009 8.44771838304e-010 -2.6710226475e-010 -1.00497822508e-009 3.33239670945e-010 3.17838824966e-009 1.23349741181e-009 -6.03135796247e-010 0 0 0 1.99999999147 -5.68114708241e-009 3.03698882117e-009 
0.799999996277 3.4059116527e-010 -9.28469643446e-010 -2.22100575709e-009 1.61709534652e-010 -5.95325231436e-010 3.04262333094e-009 -4.88265612366e-010 8.73197949584e-010 0 0 0 1.99999998701 1.22444584608e-009 -3.20415364827e-009 
0.79999999888 7.0581631664e-010 -7.0581636784e-010 -8.05759241551e-010 5.43269678133e-010 -4.54504350261e-010 8.05759512258e-010 -4.54504352034e-010 5.43269753721e-010 0 0 0 1.9999999961 2.43821383926e-009 -2.43821373831e-009 
0.799999996277 -9.28469643978e-010 -3.40591010462e-010 3.04262329553e-009 8.73198020557e-010 4.88265761064e-010 2.22100564206e-009 5.95325297596e-010 1.61709490448e-010 0 0 0 1.99999998701 -3.20415367275e-009 -1.22444530313e-009 
0.800000000666 3.4452259934e-009 3.44522604009e-009 5.25293275544e-011 -2.4553003275e-009 -2.1115958711e-009 5.25292564109e-011 -2.11159589294e-009 -2.45530028039e-009 0 0 0 2.00000000201 1.18037454842e-008 1.18037455947e-008 
0.800000023351 8.34142924998e-009 1.17425304775e-008 -1.35978781923e-008 -4.14200843402e-009 -6.98563288701e-009 -1.83416966636e-008 -7.92470126237e-009 -9.75073600805e-009 0 0 0 2.00000008095 2.93414478785e-008 4.07885172073e-008 
0.800000049515 5.7285919678e-009 1.789778277e-008 -1.90684394497e-008 6.71207809333e-010 -7.72893171908e-009 -4.75970849191e-008 -7.30969511076e-009 -1.78596682593e-008 0 0 0 2.00000017582 2.21396709801e-008 6.30128064527e-008 
0.800000063774 1.57073484705e-009 1.96408150591e-008 -8.41467013402e-009 4.77662192466e-009 -3.14862273018e-009 -6.98679722845e-008 -3.69409621055e-009 -2.23589488395e-008 0 0 0 2.00000022024 -7.79174755824e-010 6.74025148334e-008 
0.800000063774 -1.57073488549e-009 1.96408150927e-008 8.41467031165e-009 4.77662186249e-009 3.1486227275e-009 -6.98679722937e-008 3.69409622092e-009 -2.23589488977e-008 0 0 0 2.00000022024 7.7917466341e-010 6.74025149255e-008 
0.800000049515 -5.72859195106e-009 1.78977827609e-008 1.90684394363e-008 6.71207764924e-010 7.72893173204e-009 -4.75970849679e-008 7.30969505967e-009 -1.78596682755e-008 0 0 0 2.00000017582 -2.21396707629e-008 6.30128065791e-008 
0.800000023351 -8.34142921924e-009 1.17425304821e-008 1.35978781834e-008 -4.14200838961e-009 6.98563290266e-009 -1.83416967104e-008 7.92470128246e-009 -9.75073604051e-009 0 0 0 2.00000008095 -2.93414481038e-008 4.07885172934e-008 
0.800000000666 -3.4452260011e-009 3.44522599337e-009 -5.2529096628e-011 -2.45530029197e-009 2.11159598401e-009 5.2529322851e-011 2.1115959573e-009 -2.45530035648e-009 0 0 0 2.00000000201 -1.18037454868e-008 1.18037455143e-008 
0.799999996277 9.28469583909e-010 -3.40591180514e-010 -3.0426230424e-009 8.73197940621e-010 -4.88265612479e-010 2.22100601265e-009 -5.95325209904e-010 1.61709390374e-010 0 0 0 1.99999998701 3.20415363783e-009 -1.22444599817e-009 
0.799999997639 8.44771769894e-010 1.67399061704e-009 3.17838864561e-009 -6.03135976718e-010 -1.23349734048e-009 2.67102234676e-010 -3.33239678722e-010 -1.00497819067e-009 0 0 0 1.99999999147 3.03698847112e-009 5.68114717082e-009 
0.800000023351 1.17425304e-008 8.34142927711e-009 -1.83416965527e-008 -9.75073603193e-009 -7.92470126041e-009 -1.35978782243e-008 -6.98563287716e-009 -4.14200846586e-009 0 0 0 2.00000008095 4.07885170869e-008 2.93414480767e-008 
0.800000068145 1.12755583161e-008 1.12755583112e-008 -5.10915871077e-008 -6.62285597031e-009 -1.28281660314e-008 -5.10915870203e-008 -1.28281660103e-008 -6.62285594439e-009 0 0 0 2.00000024113 4.19009189934e-008 4.19009192068e-008 
0.800000080396 -1.7942437147e-009 -5.76653688046e-010 -4.60019551607e-008 6.68626277012e-009 -7.29700746423e-009 -8.22079988856e-008 -4.74222094565e-009 -1.49862953749e-009 0 0 0 2.00000029426 -3.62160938741e-009 2.76134965162e-009 
0.800000069792 -3.1201672017e-009 -1.38668982363e-008 -1.55357011078e-008 9.38095924496e-009 -1.18360330617e-009 -9.17514217693e-008 -7.73696073569e-010 6.60226592027e-009 0 0 0 2.00000023513 -2.96282413273e-008 -5.02046260377e-008 
0.800000069792 3.12016714605e-009 -1.38668982454e-008 1.55357012588e-008 9.38095920944e-009 1.18360330178e-009 -9.17514217729e-008 7.73696066515e-010 6.60226584554e-009 0 0 0 2.00000023513 2.9628241238e-008 -5.02046260132e-008 
0.800000080396 1.79424374358e-009 -5.76653643561e-010 4.60019551429e-008 6.6862626813e-009 7.29700745103e-009 -8.22079990104e-008 4.74222091199e-009 -1.49862954275e-009 0 0 0 2.00000029426 3.62160947523e-009 2.76134946839e-009 
0.800000068145 -1.12755582965e-008 1.1275558291e-008 5.10915871343e-008 -6.62285581043e-009 1.28281660257e-008 -5.10915870978e-008 1.28281660553e-008 -6.62285590372e-009 0 0 0 2.00000024113 -4.19009190607e-008 4.19009189098e-008 
0.800000023351 -1.17425305071e-008 8.3414292286e-009 1.8341696939e-008 -9.75073598752e-009 7.92470127641e-009 -1.35978782055e-008 6.98563286009e-009 -4.14200849057e-009 0 0 0 2.00000008095 -4.07885173791e-008 2.93414479686e-008 
0.799999997639 -8.4477185846e-010 1.67399062096e-009 -3.1783879928e-009 -6.03135870136e-010 1.23349737923e-009 2.67102163344e-010 3.33239692655e-010 -1.00497830824e-009 0 0 0 1.99999999147 -3.03698879846e-009 5.68114712557e-009 
0.800000002451 4.25660815788e-009 1.79845833545e-009 -1.0227586289e-009 -4.07597045005e-009 -1.91029445868e-009 -2.00423134577e-009 -1.12271903622e-009 -4.02141556653e-010 0 0 0 2.0000000095 1.52188407255e-008 7.3636635931e-009 
0.800000049515 1.78977826931e-008 5.72859197407e-009 -4.75970847713e-008 -1.78596682598e-008 -7.30969508528e-009 -1.9068439447e-008 -7.72893171481e-009 6.71207793677e-010 0 0 0 2.00000017582 6.30128063364e-008 2.21396709011e-008 
0.800000080396 -5.76653727108e-010 -1.79424376014e-009 -8.22079989415e-008 -1.49862956711e-009 -4.74222092431e-009 -4.60019551184e-008 -7.29700744321e-009 6.68626274612e-009 0 0 0 2.00000029426 2.76134950931e-009 -3.62160953977e-009 
0.800000022819 -2.23139404636e-008 -2.23139405311e-008 -3.93107185737e-008 1.70677368416e-008 7.8093149403e-009 -3.9310718513e-008 7.80931494056e-009 1.70677367395e-008 0 0 0 2.00000008817 -8.7913897767e-008 -8.79138978254e-008 
0.799999964864 -9.99682687474e-009 -3.30499469048e-008 -2.29080248992e-009 4.93827273296e-009 6.85979187471e-009 -1.12522618011e-008 6.25411031249e-009 2.50928063423e-008 0 0 0 1.99999978807 -8.40764455586e-008 -1.57417054793e-007 
0.799999964864 9.99682680797e-009 -3.30499469288e-008 2.29080265868e-009 4.93827260861e-009 -6.85979184949e-009 -1.12522618393e-008 -6.25411032651e-009 2.50928064048e-008 0 0 0 1.99999978807 8.40764453234e-008 -1.57417054782e-007 
0.800000022819 2.23139405338e-008 -2.23139405146e-008 3.93107184982e-008 1.70677367439e-008 -7.8093149697e-009 -3.93107185858e-008 -7.80931493723e-009 1.7067736848e-008 0 0 0 2.00000008817 8.79138978103e-008 -8.79138976922e-008 
0.800000080396 5.76653686442e-010 -1.79424374068e-009 8.22079989771e-008 -1.49862954935e-009 4.74222091223e-009 -4.60019551782e-008 7.29700744236e-009 6.68626264637e-009 0 0 0 2.00000029426 -2.76134944765e-009 -3.62160922779e-009 
0.800000049515 -1.78977827565e-008 5.7285919948e-009 4.75970850777e-008 -1.78596683487e-008 7.30969501943e-009 -1.90684395832e-008 7.72893168468e-009 6.71207769893e-010 0 0 0 2.00000017582 -6.30128065988e-008 2.21396711654e-008 
0.800000002451 -4.25660818925e-009 1.79845841719e-009 1.02275898417e-009 -4.07597043228e-009 1.91029429271e-009 -2.00423167358e-009 1.12271894517e-009 -4.02141531931e-010 0 0 0 2.0000000095 -1.52188410881e-008 7.36366375328e-009 
0.800000005784 6.93881123789e-009 5.9683333987e-010 -7.14805890034e-009 -7.07388690735e-009 -1.78414229639e-009 -1.15330918664e-009 -6.05766018659e-010 7.51841169057e-010 0 0 0 2.00000001983 2.43268072575e-008 -9.67591078139e-011 
0.800000063774 1.9640815035e-008 1.5707348343e-009 -6.98679721856e-008 -2.23589488701e-008 -3.69409623709e-009 -8.41467012437e-009 -3.14862274524e-009 4.77662195505e-009 0 0 0 2.00000022024 6.74025147858e-008 -7.79174911579e-010 
0.800000069792 -1.38668983112e-008 -3.12016716686e-009 -9.17514217447e-008 6.60226583626e-009 -7.73696063359e-010 -1.55357011619e-008 -1.18360332272e-009 9.3809592381e-009 0 0 0 2.00000023513 -5.02046260391e-008 -2.96282414395e-008 
0.799999964864 -3.30499468876e-008 -9.99682682311e-009 -1.12522618556e-008 2.50928063306e-008 6.25411032714e-009 -2.29080257588e-009 6.85979185751e-009 4.93827273853e-009 0 0 0 1.99999978807 -1.57417054737e-007 -8.40764454527e-008 
0.799999901222 -9.06110612707e-009 -9.06110611931e-009 1.83353859828e-008 -3.56692312131e-009 4.5011731454e-009 1.83353859642e-008 4.5011731759e-009 -3.56692314404e-009 0 0 0 1.99999932489 -1.2131670036e-007 -1.2131670039e-007 
0.799999901222 9.06110604451e-009 -9.06110612346e-009 -1.83353858185e-008 -3.56692314796e-009 -4.50117316274e-009 1.83353859901e-008 -4.50117317413e-009 -3.56692309307e-009 0 0 0 1.99999932489 1.21316700339e-007 -1.21316700361e-007 
0.799999964864 3.30499469491e-008 -9.99682684075e-009 1.12522617801e-008 2.50928063394e-008 -6.2541102867e-009 -2.29080249843e-009 -6.8597918728e-009 4.93827272013e-009 0 0 0 1.99999978807 1.57417054943e-007 -8.40764454134e-008 
0.800000069792 1.38668982529e-008 -3.12016718466e-009 9.1751421798e-008 6.60226585403e-009 7.73696076157e-010 -1.55357011577e-008 1.18360330466e-009 9.38095917717e-009 0 0 0 2.00000023513 5.02046261251e-008 -2.96282414129e-008 
0.800000063774 -1.9640815046e-008 1.57073485574e-009 6.98679723365e-008 -2.2358948879e-008 3.69409622233e-009 -8.41467017958e-009 3.14862272389e-009 4.77662187887e-009 0 0 0 2.00000022024 -6.74025150392e-008 -7.7917484349e-010 
0.800000005784 -6.93881124594e-009 5.96833393686e-010 7.14805895807e-009 -7.07388691623e-009 1.78414233064e-009 -1.15330938589e-009 6.0576596365e-010 7.51841175075e-010 0 0 0 2.00000001983 -2.43268075989e-008 -9.67589822467e-011 
0.800000005784 6.93881123933e-009 -5.96833490686e-010 -7.14805912239e-009 -7.07388691623e-009 1.78414217611e-009 1.15330977728e-009 6.05765907918e-010 7.51841089121e-010 0 0 0 2.00000001983 2.43268072983e-008 9.67585733481e-011 
0.800000063774 1.96408150891e-008 -1.5707348917e-009 -6.98679722699e-008 -2.2358948879e-008 3.69409617376e-009 8.41467036353e-009 3.14862268355e-009 4.77662185378e-009 0 0 0 2.00000022024 6.74025150374e-008 7.79174780429e-010 
0.800000069792 -1.38668982356e-008 3.1201671998e-009 -9.17514217535e-008 6.60226583626e-009 7.73696050372e-010 1.55357012699e-008 1.18360330681e-009 9.38095921873e-009 0 0 0 2.00000023513 -5.02046259905e-008 2.96282415301e-008 
0.799999964864 -3.30499469092e-008 9.99682684558e-009 -1.12522618823e-008 2.50928063483e-008 -6.25411034207e-009 2.29080260755e-009 -6.85979186367e-009 4.93827272752e-009 0 0 0 1.99999978807 -1.57417054871e-007 8.40764455459e-008 
0.799999901222 -9.06110612477e-009 9.06110607888e-009 1.83353859562e-008 -3.56692303249e-009 -4.50117316729e-009 -1.83353859322e-008 -4.50117317805e-009 -3.56692311365e-009 0 0 0 1.99999932489 -1.21316700363e-007 1.21316700245e-007 
0.799999901222 9.06110607391e-009 9.061106082e-009 -1.83353858185e-008 -3.56692318348e-009 4.501173156e-009 -1.83353859238e-008 4.50117316237e-009 -3.56692317577e-009 0 0 0 1.99999932489 1.21316700235e-007 1.21316700263e-007 
0.799999964864 3.30499469357e-008 9.99682682716e-009 1.12522618023e-008 2.50928063483e-008 6.25411029872e-009 2.29080257798e-009 6.85979188082e-009 4.93827275332e-009 0 0 0 1.99999978807 1.57417054678e-007 8.40764451083e-008 
0.800000069792 1.38668982629e-008 3.12016714336e-009 9.17514218113e-008 6.60226588067e-009 -7.73696054082e-010 1.55357012552e-008 -1.18360329809e-009 9.38095916427e-009 0 0 0 2.00000023513 5.02046262573e-008 2.962824111e-008 
0.800000063774 -1.96408150414e-008 -1.57073486939e-009 6.98679723632e-008 -2.23589488524e-008 -3.69409619071e-009 8.41467027911e-009 -3.14862272802e-009 4.77662188508e-009 0 0 0 2.00000022024 -6.74025147796e-008 7.79174727841e-010 
0.800000005784 -6.9388112678e-009 -5.96833424329e-010 7.1480592112e-009 -7.07388672971e-009 -1.7841422324e-009 1.15330948719e-009 -6.05766004868e-010 7.51841024733e-010 0 0 0 2.00000001983 -2.43268076908e-008 9.67589200184e-011 
0.800000002451 4.2566082216e-009 -1.79845836893e-009 -1.02275925951e-009 -4.07597029017e-009 1.91029439376e-009 2.0042315989e-009 1.12271898303e-009 -4.02141574417e-010 0 0 0 2.0000000095 1.52188411603e-008 -7.36366377998e-009 
0.800000049515 1.78977827588e-008 -5.7285919898e-009 -4.75970850777e-008 -1.78596682332e-008 7.30969502879e-009 1.90684395389e-008 7.72893167042e-009 6.71207763144e-010 0 0 0 2.00000017582 6.30128067604e-008 -2.21396710134e-008 
0.800000080396 -5.76653677433e-010 1.79424368726e-009 -8.22079990792e-008 -1.49862954046e-009 4.74222088602e-009 4.60019551177e-008 7.2970074371e-009 6.68626270562e-009 0 0 0 2.00000029426 2.76134940954e-009 3.62160907272e-009 
0.800000022819 -2.23139405009e-008 2.23139404851e-008 -3.93107186225e-008 1.70677368772e-008 -7.80931493723e-009 3.9310718524e-008 -7.80931494258e-009 1.70677367444e-008 0 0 0 2.00000008817 -8.79138978238e-008 8.79138974984e-008 
0.799999964864 -9.99682688968e-009 3.30499469329e-008 -2.29080248104e-009 4.93827267967e-009 -6.85979185109e-009 1.12522617813e-008 -6.25411031155e-009 2.50928063912e-008 0 0 0 1.99999978807 -8.40764454425e-008 1.57417054856e-007 
0.799999964864 9.99682681902e-009 3.30499469191e-008 2.29080263203e-009 4.93827268855e-009 6.85979185463e-009 1.12522618035e-008 6.25411031274e-009 2.5092806411e-008 0 0 0 1.99999978807 8.40764452764e-008 1.57417054755e-007 
0.800000022819 2.23139405048e-008 2.23139404875e-008 3.93107184715e-008 1.70677367706e-008 7.80931493733e-009 3.93107184701e-008 7.80931493426e-009 1.70677368075e-008 0 0 0 2.00000008817 8.79138975763e-008 8.79138976725e-008 
0.800000080396 5.76653714453e-010 1.79424372673e-009 8.22079990082e-008 -1.49862953158e-009 -4.74222092897e-009 4.60019551082e-008 -7.29700745617e-009 6.68626261666e-009 0 0 0 2.00000029426 -2.7613492185e-009 3.62160930241e-009 
0.800000049515 -1.7897782721e-008 -5.72859195072e-009 4.759708502e-008 -1.78596683398e-008 -7.30969512571e-009 1.90684393828e-008 -7.7289317136e-009 6.71207784352e-010 0 0 0 2.00000017582 -6.30128063795e-008 -2.21396710099e-008 
0.800000002451 -4.25660816589e-009 -1.79845825967e-009 1.02275881986e-009 -4.07597045893e-009 -1.91029457805e-009 2.00423111863e-009 -1.12271908577e-009 -4.02141557628e-010 0 0 0 2.0000000095 -1.52188409692e-008 -7.36366357144e-009 
0.799999997639 8.44771844773e-010 -1.67399058879e-009 3.17838805053e-009 -6.03135843491e-010 1.2334974298e-009 -2.67102225794e-010 3.33239709204e-010 -1.00497820843e-009 0 0 0 1.99999999147 3.03698893548e-009 -5.68114683664e-009 
0.800000023351 1.17425304763e-008 -8.34142925175e-009 -1.83416969124e-008 -9.75073596088e-009 7.92470127891e-009 1.35978782737e-008 6.98563288189e-009 -4.14200840097e-009 0 0 0 2.00000008095 4.07885172596e-008 -2.93414479847e-008 
0.800000068145 1.12755582763e-008 -1.12755582931e-008 -5.10915872587e-008 -6.62285590813e-009 1.28281660468e-008 5.10915871356e-008 1.28281660189e-008 -6.62285585134e-009 0 0 0 2.00000024113 4.19009187019e-008 -4.19009192066e-008 
0.800000080396 -1.79424368618e-009 5.76653642078e-010 -4.60019551962e-008 6.6862626813e-009 7.29700747351e-009 8.22079990117e-008 4.74222094322e-009 -1.49862951108e-009 0 0 0 2.00000029426 -3.62160896615e-009 -2.76134968495e-009 
0.800000069792 -3.12016722017e-009 1.38668982152e-008 -1.55357011167e-008 9.38095921832e-009 1.18360331895e-009 9.17514218841e-008 7.73696064316e-010 6.60226593134e-009 0 0 0 2.00000023513 -2.96282413268e-008 5.02046260189e-008 
0.800000069792 3.12016713617e-009 1.38668982157e-008 1.55357012854e-008 9.3809591295e-009 -1.1836032926e-009 9.17514218568e-008 -7.73696071317e-010 6.60226589274e-009 0 0 0 2.00000023513 2.96282410655e-008 5.02046259147e-008 
0.800000080396 1.79424373277e-009 5.76653698651e-010 4.60019550808e-008 6.68626263689e-009 -7.29700745564e-009 8.22079990007e-008 -4.74222093129e-009 -1.49862957922e-009 0 0 0 2.00000029426 3.62160935612e-009 -2.7613493642e-009 
0.800000068145 -1.12755582553e-008 -1.12755582913e-008 5.10915871432e-008 -6.62285591702e-009 -1.28281660224e-008 5.10915871341e-008 -1.28281660166e-008 -6.62285593471e-009 0 0 0 2.00000024113 -4.19009188498e-008 -4.19009190057e-008 
0.800000023351 -1.17425303643e-008 -8.34142919262e-009 1.83416966459e-008 -9.75073612963e-009 -7.92470131327e-009 1.3597878234e-008 -6.98563290858e-009 -4.14200842607e-009 0 0 0 2.00000008095 -4.07885168597e-008 -2.93414477199e-008 
0.799999997639 -8.44771740512e-010 -1.67399049559e-009 -3.1783888943e-009 -6.03136065536e-010 -1.23349747616e-009 -2.67102396869e-010 -3.33239777524e-010 -1.00497815123e-009 0 0 0 1.99999999147 -3.03698842066e-009 -5.68114639191e-009 
0.799999996277 -9.28469638617e-010 3.40591117362e-010 3.04262301132e-009 8.73197958384e-010 -4.88265674746e-010 -2.22100560209e-009 -5.95325243754e-010 1.61709508211e-010 0 0 0 1.99999998701 -3.2041535325e-009 1.2244457202e-009 
0.800000000666 3.44522599913e-009 -3.44522604994e-009 5.25290788644e-011 -2.45530030973e-009 2.11159593347e-009 -5.25290165821e-011 2.11159594316e-009 -2.45530025627e-009 0 0 0 2.00000000201 1.18037454106e-008 -1.1803745559e-008 
0.800000023351 8.34142923616e-009 -1.17425304873e-008 -1.35978783167e-008 -4.14200840737e-009 6.98563287733e-009 1.83416969489e-008 7.92470128059e-009 -9.75073585795e-009 0 0 0 2.00000008095 2.9341447704e-008 -4.07885171217e-008 
0.800000049515 5.72859199195e-009 -1.78977828294e-008 -1.90684394985e-008 6.71207862624e-010 7.72893171454e-009 4.7597085245e-008 7.30969507334e-009 -1.78596682146e-008 0 0 0 2.00000017582 2.2139671228e-008 -6.30128065465e-008 
0.800000063774 1.57073481368e-009 -1.96408151056e-008 -8.41467010293e-009 4.77662185361e-009 3.14862269773e-009 6.98679725616e-008 3.6940962165e-009 -2.23589488932e-008 0 0 0 2.00000022024 -7.79174834973e-010 -6.74025151142e-008 
0.800000063774 -1.57073482294e-009 -1.96408150292e-008 8.41467021395e-009 4.77662181808e-009 -3.14862274221e-009 6.98679725444e-008 -3.69409624348e-009 -2.23589488082e-008 0 0 0 2.00000022024 7.79174695208e-010 -6.74025149209e-008 
0.800000049515 -5.72859192854e-009 -1.78977827306e-008 1.90684393209e-008 6.71207800451e-010 -7.72893176686e-009 4.75970851539e-008 -7.30969511307e-009 -1.7859668256e-008 0 0 0 2.00000017582 -2.21396709411e-008 -6.30128065136e-008 
0.800000023351 -8.34142918364e-009 -1.17425304215e-008 1.35978782412e-008 -4.14200835408e-009 -6.9856329e-009 1.83416967517e-008 -7.92470132445e-009 -9.75073604173e-009 0 0 0 2.00000008095 -2.93414476453e-008 -4.07885170636e-008 
0.800000000666 -3.44522589851e-009 -3.44522594523e-009 -5.25293719633e-011 -2.45530049625e-009 -2.11159593243e-009 -5.25292852706e-011 -2.11159592108e-009 -2.45530049212e-009 0 0 0 2.00000000201 -1.18037449913e-008 -1.18037451483e-008 
0.799999996277 9.28469782847e-010 3.40591203814e-010 -3.04262402828e-009 8.7319773634e-010 4.88265667524e-010 -2.22100590988e-009 5.95325201706e-010 1.61709408014e-010 0 0 0 1.99999998701 3.20415408551e-009 1.22444598734e-009 
0.79999999888 -7.05816312674e-010 7.05816256794e-010 8.05759152733e-010 5.43269811359e-010 -4.54504307576e-010 -8.05759086215e-010 -4.54504299498e-010 5.4326965142e-010 0 0 0 1.9999999961 -2.43821354912e-009 2.4382134373e-009 
0.799999996277 -3.40591151812e-010 9.28469575022e-010 2.22100576153e-009 1.61709472479e-010 -5.95325168823e-010 -3.04262282798e-009 -4.88265609568e-010 8.73197933822e-010 0 0 0 1.99999998701 -1.22444593542e-009 3.20415337015e-009 
0.799999997639 1.67399058668e-009 -8.44771958915e-010 2.67102175933e-010 -1.00497822508e-009 3.33239694752e-010 -3.17838771828e-009 1.23349738534e-009 -6.03135757269e-010 0 0 0 1.99999999147 5.68114681671e-009 -3.0369892063e-009 
0.800000002451 1.79845841372e-009 -4.25660825761e-009 -2.00423150964e-009 -4.02141520084e-010 1.12271899563e-009 1.02275937385e-009 1.91029435223e-009 -4.07597036441e-009 0 0 0 2.0000000095 7.36366389499e-009 -1.52188410322e-008 
0.800000005784 5.96833413644e-010 -6.93881124379e-009 -1.15330937245e-009 7.51841131574e-010 6.05765947275e-010 7.14805934581e-009 1.78414228651e-009 -7.07388686465e-009 0 0 0 2.00000001983 -9.67589586177e-011 -2.43268074291e-008 
0.800000005784 -5.9683337914e-010 -6.93881123571e-009 1.15330933248e-009 7.51840980584e-010 -6.05766024382e-010 7.14805940091e-009 -1.78414227517e-009 -7.07388680907e-009 0 0 0 2.00000001983 9.67589050653e-011 -2.43268074528e-008 
0.800000002451 -1.79845827917e-009 -4.25660811901e-009 2.00423102559e-009 -4.02141608902e-010 -1.12271906381e-009 1.02275897639e-009 -1.9102945623e-009 -4.07597052895e-009 0 0 0 2.0000000095 -7.36366347619e-009 -1.52188408007e-008 
0.799999997639 -1.67399051727e-009 -8.44771742784e-010 -2.67102446827e-010 -1.00497816291e-009 -3.332397945e-010 -3.17838865206e-009 -1.2334974637e-009 -6.03136041102e-010 0 0 0 1.99999999147 -5.68114647671e-009 -3.03698850169e-009 
0.799999996277 3.40591259902e-010 9.28469750393e-010 -2.22100598357e-009 1.61709392543e-010 5.95325218941e-010 -3.04262378848e-009 4.88265640346e-010 8.73197780802e-010 0 0 0 1.99999998701 1.22444609824e-009 3.20415385771e-009 
0.79999999888 7.05816445273e-010 7.05816408258e-010 -8.05759965417e-010 5.43269518261e-010 4.54504404666e-010 -8.05759837084e-010 4.54504366768e-010 5.43269514951e-010 0 0 0 1.9999999961 2.43821389226e-009 2.43821359928e-009 
