$Nodes
25
-1 -1
-1 1
1 -1
1 1
-1 -0.5
-1 0
-1 0.5
-0.5 -1
0 -1
0.5 -1
1 -0.5
1 0
1 0.5
-0.5 1
0 1
0.5 1
-0.5 0.5
0 0.5
0.5 0.5
-0.5 0
0 0
0.5 0
-0.5 -0.5
0 -0.5
0.5 -0.5
$EndNodes
$Edges
16
40
1 1 5
1 5 6
1 6 7
1 7 2
1 1 8
1 8 9
1 9 10
1 10 3
1 3 11
1 11 12
1 12 13
1 13 4
1 2 14
1 14 15
1 15 16
1 16 4
0 7 17
0 17 14
0 17 18
0 18 15
0 18 19
0 19 16
0 19 13
0 6 20
0 20 17
0 20 21
0 21 18
0 21 22
0 22 19
0 22 12
0 5 23
0 23 20
0 23 24
0 24 21
0 24 25
0 25 22
0 25 11
0 8 23
0 9 24
0 10 25
$EndEdges
$Cells
16
4 2 7 17 14 4 17 18 13 
4 14 17 18 15 18 19 20 14 
4 15 18 19 16 20 21 22 15 
4 16 19 13 4 22 23 12 16 
4 7 6 20 17 3 24 25 17 
4 17 20 21 18 25 26 27 19 
4 18 21 22 19 27 28 29 21 
4 19 22 12 13 29 30 11 23 
4 6 5 23 20 2 31 32 24 
4 20 23 24 21 32 33 34 26 
4 21 24 25 22 34 35 36 28 
4 22 25 11 12 36 37 10 30 
4 5 1 8 23 1 5 38 31 
4 23 8 9 24 38 6 39 33 
4 24 9 10 25 39 7 40 35 
4 25 10 3 11 40 8 9 37 
$EndCells
$AdjointCellsForEdges
40
1 13 
1 9 
1 5 
1 1 
1 13 
1 14 
1 15 
1 16 
1 16 
1 12 
1 8 
1 4 
1 1 
1 2 
1 3 
1 4 
2 1 5 
2 1 2 
2 2 6 
2 2 3 
2 3 7 
2 3 4 
2 4 8 
2 5 9 
2 5 6 
2 6 10 
2 6 7 
2 7 11 
2 7 8 
2 8 12 
2 9 13 
2 9 10 
2 10 14 
2 10 11 
2 11 15 
2 11 12 
2 12 16 
2 13 14 
2 14 15 
2 15 16 
$EndAdjointCellsForEdges
$EdgeNormals
40
-1 0
-1 0
-1 0
-1 0
0 -1
0 -1
0 -1
0 -1
1 -0
1 -0
1 -0
1 -0
-0 1
-0 1
-0 1
-0 1
0 -1
1 -0
0 -1
1 -0
0 -1
1 -0
0 -1
0 -1
1 -0
0 -1
1 -0
0 -1
1 -0
0 -1
0 -1
1 -0
0 -1
1 -0
0 -1
1 -0
0 -1
1 -0
1 -0
1 -0
$EndEdgeNormals
$Patches
4
Group_1
4
1
2
3
4
Group_2
4
9
10
11
12
Group_3
4
5
6
7
8
Group_4
4
13
14
15
16
$EndPatches
