Lx = 8
Ly = 8
nx = 10
ny = 10
hx = 0.8
hy = 0.8
ff = 3
cellCenters
0.4 0.4
1.2 0.4
2 0.4
2.8 0.4
3.6 0.4
4.4 0.4
5.2 0.4
6 0.4
6.8 0.4
7.6 0.4
0.4 1.2
1.2 1.2
2 1.2
2.8 1.2
3.6 1.2
4.4 1.2
5.2 1.2
6 1.2
6.8 1.2
7.6 1.2
0.4 2
1.2 2
2 2
2.8 2
3.6 2
4.4 2
5.2 2
6 2
6.8 2
7.6 2
0.4 2.8
1.2 2.8
2 2.8
2.8 2.8
3.6 2.8
4.4 2.8
5.2 2.8
6 2.8
6.8 2.8
7.6 2.8
0.4 3.6
1.2 3.6
2 3.6
2.8 3.6
3.6 3.6
4.4 3.6
5.2 3.6
6 3.6
6.8 3.6
7.6 3.6
0.4 4.4
1.2 4.4
2 4.4
2.8 4.4
3.6 4.4
4.4 4.4
5.2 4.4
6 4.4
6.8 4.4
7.6 4.4
0.4 5.2
1.2 5.2
2 5.2
2.8 5.2
3.6 5.2
4.4 5.2
5.2 5.2
6 5.2
6.8 5.2
7.6 5.2
0.4 6
1.2 6
2 6
2.8 6
3.6 6
4.4 6
5.2 6
6 6
6.8 6
7.6 6
0.4 6.8
1.2 6.8
2 6.8
2.8 6.8
3.6 6.8
4.4 6.8
5.2 6.8
6 6.8
6.8 6.8
7.6 6.8
0.4 7.6
1.2 7.6
2 7.6
2.8 7.6
3.6 7.6
4.4 7.6
5.2 7.6
6 7.6
6.8 7.6
7.6 7.6
